1293.6 0 1811.04 939.59
1811.04 939.59 3437.28 829.05
1293.6 0 3437.28 829.05
2845.92 1713.37 2882.88 1713.37
2439.36 2266.07 2882.88 1713.37
2439.36 2266.07 2845.92 1713.37
1256.64 2266.07 1293.6 2266.07
1293.6 2266.07 1589.28 1934.45
1256.64 2266.07 1589.28 1934.45
850.08 1713.37 1256.64 2266.07
850.08 1713.37 1589.28 1934.45
1589.28 1934.45 1848 1879.18
1848 1879.18 1848 2100.26
1589.28 1934.45 1848 2100.26
1774.08 2431.88 2069.76 2431.88
1995.84 2100.26 2069.76 2431.88
1774.08 2431.88 1995.84 2100.26
1774.08 2431.88 1848 2100.26
1848 2100.26 1995.84 2100.26
1995.84 1879.18 2106.72 1934.45
1995.84 2100.26 2106.72 1934.45
1995.84 1879.18 1995.84 2100.26
1848 1879.18 1995.84 1879.18
1848 1879.18 1995.84 2100.26
850.08 1713.37 1811.04 1160.67
1774.08 1658.1 1811.04 1160.67
850.08 1713.37 1774.08 1658.1
1811.04 1160.67 1848 1547.56
1774.08 1658.1 1848 1547.56
1848 1547.56 1848 1658.1
1774.08 1658.1 1848 1658.1
1589.28 1934.45 1774.08 1658.1
1848 1658.1 1921.92 1658.1
1848 1547.56 1921.92 1658.1
1848 1658.1 1848 1768.64
1774.08 1658.1 1848 1768.64
1848 1768.64 1848 1879.18
1589.28 1934.45 1848 1768.64
1848 1768.64 1921.92 1658.1
1848 1768.64 1995.84 1879.18
1921.92 1658.1 1995.84 1879.18
2032.8 2487.15 2069.76 2431.88
1774.08 2431.88 2032.8 2487.15
1774.08 2431.88 1811.04 2487.15
1811.04 2487.15 2032.8 2487.15
1774.08 2874.04 2069.76 2874.04
2032.8 2487.15 2069.76 2874.04
1774.08 2874.04 2032.8 2487.15
1774.08 2874.04 1811.04 2487.15
2217.6 1823.91 2845.92 1713.37
2217.6 1823.91 2439.36 2266.07
2402.4 2266.07 2439.36 2266.07
2217.6 1823.91 2402.4 2266.07
2106.72 1934.45 2402.4 2266.07
2106.72 1934.45 2217.6 1823.91
1811.04 1160.67 2845.92 1713.37
1811.04 1160.67 2217.6 1823.91
1848 1547.56 2217.6 1823.91
1921.92 1658.1 2217.6 1823.91
1995.84 1879.18 2217.6 1823.91
1034.88 3758.36 1071.84 3647.82
1071.84 3647.82 1108.8 3592.55
1034.88 3758.36 1108.8 3592.55
1034.88 3758.36 2661.12 3758.36
2587.2 3592.55 2661.12 3758.36
1034.88 3758.36 2587.2 3592.55
1108.8 3592.55 2587.2 3592.55
2624.16 3647.82 2661.12 3758.36
2587.2 3592.55 2624.16 3647.82
887.04 3316.2 1145.76 3482.01
1145.76 3482.01 1182.72 3426.74
887.04 3316.2 1182.72 3426.74
1108.8 3592.55 1145.76 3482.01
1108.8 3592.55 1182.72 3426.74
2513.28 3426.74 2587.2 3592.55
1108.8 3592.55 2513.28 3426.74
1182.72 3426.74 2513.28 3426.74
2550.24 3482.01 2587.2 3592.55
2513.28 3426.74 2550.24 3482.01
1219.68 3316.2 1774.08 2874.04
1774.08 2874.04 2476.32 3316.2
1219.68 3316.2 2476.32 3316.2
2476.32 3316.2 2513.28 3426.74
1182.72 3426.74 2476.32 3316.2
1182.72 3426.74 1219.68 3316.2
1256.64 3205.66 1774.08 2874.04
1219.68 3316.2 1256.64 3205.66
2069.76 2874.04 2439.36 3205.66
1774.08 2874.04 2439.36 3205.66
2439.36 3205.66 2476.32 3316.2
2402.4 3095.12 2439.36 3205.66
2069.76 2874.04 2402.4 3095.12
1293.6 2874.04 1293.6 3095.12
1293.6 3095.12 1330.56 2984.58
1293.6 2874.04 1330.56 2984.58
2402.4 2874.04 2402.4 3095.12
2365.44 2984.58 2402.4 3095.12
2365.44 2984.58 2402.4 2874.04
1589.28 2874.04 1811.04 2487.15
1589.28 2874.04 1774.08 2874.04
1256.64 3205.66 1589.28 2874.04
1256.64 3205.66 1293.6 3095.12
1293.6 3095.12 1589.28 2874.04
1330.56 2984.58 1589.28 2874.04
2106.72 2874.04 2402.4 3095.12
2069.76 2874.04 2106.72 2874.04
2106.72 2874.04 2365.44 2984.58
258.72 2321.34 813.12 3316.2
406.56 2376.61 813.12 3316.2
258.72 2321.34 406.56 2376.61
1256.64 2266.07 1293.6 2874.04
406.56 2376.61 1293.6 2874.04
406.56 2376.61 1256.64 2266.07
258.72 2321.34 332.64 1437.02
332.64 1437.02 332.64 1602.83
258.72 2321.34 332.64 1602.83
1811.04 939.59 1811.04 1160.67
665.28 1437.02 1811.04 1160.67
665.28 1437.02 1811.04 939.59
665.28 1437.02 850.08 1713.37
665.28 1437.02 1293.6 0
332.64 1437.02 1293.6 0
332.64 1437.02 665.28 1437.02
813.12 1713.37 850.08 1713.37
665.28 1547.56 850.08 1713.37
665.28 1547.56 813.12 1713.37
665.28 1437.02 665.28 1547.56
332.64 1602.83 665.28 1547.56
332.64 1437.02 665.28 1547.56
665.28 1658.1 813.12 1713.37
665.28 1547.56 665.28 1658.1
332.64 1602.83 665.28 1658.1
591.36 1768.64 665.28 1658.1
332.64 1602.83 591.36 1768.64
776.16 1768.64 850.08 1713.37
776.16 1768.64 813.12 1713.37
665.28 1658.1 776.16 1768.64
591.36 1768.64 776.16 1768.64
332.64 1602.83 628.32 1989.72
258.72 2321.34 628.32 1989.72
591.36 1768.64 628.32 1989.72
628.32 1989.72 776.16 1768.64
739.2 1989.72 1256.64 2266.07
739.2 1989.72 850.08 1713.37
739.2 1989.72 776.16 1768.64
628.32 1989.72 739.2 1989.72
406.56 2376.61 665.28 2100.26
258.72 2321.34 665.28 2100.26
628.32 1989.72 665.28 2100.26
665.28 2100.26 1256.64 2266.07
665.28 2100.26 739.2 1989.72
110.88 4753.22 443.52 4863.76
332.64 5250.65 443.52 4863.76
110.88 4753.22 332.64 5250.65
1811.04 1160.67 3104.64 1105.4
1811.04 939.59 3104.64 1105.4
2845.92 1713.37 3104.64 1105.4
3104.64 1105.4 3437.28 829.05
2882.88 1713.37 3437.28 829.05
2882.88 1713.37 3104.64 1105.4
2882.88 1713.37 3104.64 2763.5
2439.36 2266.07 3104.64 2763.5
3437.28 829.05 3696 663.24
1293.6 0 3696 663.24
2402.4 3095.12 2772 2874.04
2402.4 2874.04 2772 2874.04
2439.36 3205.66 2808.96 3316.2
2772 2874.04 2808.96 3316.2
2439.36 3205.66 2772 2874.04
2808.96 3316.2 2882.88 3316.2
2772 2874.04 2882.88 3316.2
2882.88 3316.2 3104.64 2763.5
2772 2874.04 3104.64 2763.5
2402.4 2874.04 2439.36 2266.07
2439.36 2266.07 2772 2874.04
3400.32 2652.96 3437.28 829.05
2882.88 1713.37 3400.32 2652.96
3104.64 2763.5 3400.32 2652.96
3400.32 2652.96 3696 663.24
3104.64 2763.5 3400.32 3592.55
2882.88 3316.2 3400.32 3592.55
3400.32 2652.96 3400.32 3592.55
110.88 4753.22 258.72 2321.34
147.84 4255.79 258.72 2321.34
110.88 4753.22 147.84 4255.79
147.84 4255.79 406.56 4089.98
406.56 4089.98 554.4 4311.06
147.84 4255.79 554.4 4311.06
221.76 4642.68 443.52 4863.76
110.88 4753.22 221.76 4642.68
147.84 4255.79 221.76 4642.68
221.76 4642.68 554.4 4311.06
517.44 4697.95 554.4 4311.06
221.76 4642.68 517.44 4697.95
443.52 4863.76 517.44 4697.95
3585.12 4089.98 3696 663.24
3400.32 2652.96 3585.12 4089.98
3400.32 3592.55 3585.12 4089.98
3141.6 4034.71 3400.32 3592.55
3141.6 4034.71 3585.12 4089.98
443.52 4863.76 3215.52 4532.14
332.64 5250.65 3215.52 4532.14
332.64 5250.65 3511.2 4697.95
3215.52 4532.14 3511.2 4697.95
517.44 4697.95 3215.52 4532.14
2661.12 3758.36 3141.6 4034.71
3141.6 4034.71 3215.52 4532.14
2661.12 3758.36 3215.52 4532.14
3215.52 4532.14 3585.12 4089.98
3511.2 4697.95 3585.12 4089.98
3511.2 4587.41 3585.12 4089.98
3511.2 4587.41 3511.2 4697.95
3215.52 4532.14 3511.2 4587.41
665.28 3758.36 813.12 3316.2
258.72 2321.34 665.28 3758.36
406.56 4089.98 665.28 3758.36
147.84 4255.79 665.28 3758.36
924 3758.36 1071.84 3647.82
924 3758.36 1034.88 3758.36
887.04 3979.44 2661.12 3758.36
887.04 3979.44 1034.88 3758.36
554.4 4311.06 887.04 3979.44
517.44 4697.95 887.04 3979.44
887.04 3979.44 3215.52 4532.14
406.56 4089.98 887.04 3979.44
665.28 3758.36 887.04 3979.44
887.04 3979.44 924 3758.36
665.28 3758.36 924 3758.36
2772 3537.28 2882.88 3316.2
2772 3537.28 2808.96 3316.2
2624.16 3647.82 2772 3537.28
2587.2 3592.55 2772 3537.28
2550.24 3482.01 2808.96 3316.2
2550.24 3482.01 2772 3537.28
3030.72 3592.55 3400.32 3592.55
2882.88 3316.2 3030.72 3592.55
2772 3537.28 3030.72 3592.55
3030.72 3592.55 3141.6 4034.71
2661.12 3758.36 2808.96 3758.36
2624.16 3647.82 2808.96 3758.36
2772 3537.28 2808.96 3758.36
2808.96 3758.36 3141.6 4034.71
2808.96 3758.36 3030.72 3592.55
887.04 3426.74 1108.8 3592.55
887.04 3426.74 1071.84 3647.82
887.04 3426.74 1145.76 3482.01
887.04 3316.2 887.04 3426.74
813.12 3316.2 887.04 3316.2
813.12 3316.2 887.04 3426.74
887.04 3426.74 924 3758.36
665.28 3758.36 887.04 3426.74
2513.28 3316.2 2808.96 3316.2
2513.28 3316.2 2550.24 3482.01
2513.28 3316.2 2513.28 3426.74
2476.32 3316.2 2513.28 3316.2
2439.36 3205.66 2513.28 3316.2
887.04 3316.2 1034.88 3205.66
813.12 3316.2 1034.88 3205.66
1034.88 3205.66 1182.72 3426.74
1034.88 3205.66 1219.68 3316.2
1034.88 3205.66 1256.64 3205.66
1034.88 3205.66 1293.6 3095.12
1034.88 3205.66 1293.6 2874.04
406.56 2376.61 1034.88 3205.66
1293.6 2874.04 1441.44 2763.5
1256.64 2266.07 1441.44 2763.5
1293.6 2266.07 1441.44 2763.5
1441.44 2763.5 1811.04 2487.15
1441.44 2763.5 1774.08 2431.88
1441.44 2763.5 1589.28 2874.04
1330.56 2984.58 1441.44 2763.5
1478.4 2321.34 1589.28 1934.45
1293.6 2266.07 1478.4 2321.34
1478.4 2321.34 1848 2100.26
1478.4 2321.34 1774.08 2431.88
1441.44 2763.5 1478.4 2321.34
2254.56 2763.5 2439.36 2266.07
2254.56 2763.5 2402.4 2874.04
2254.56 2763.5 2402.4 2266.07
2069.76 2431.88 2402.4 2266.07
2069.76 2431.88 2254.56 2763.5
2032.8 2487.15 2254.56 2763.5
2069.76 2874.04 2254.56 2763.5
2106.72 2874.04 2254.56 2763.5
2254.56 2763.5 2365.44 2984.58
2217.6 2266.07 2402.4 2266.07
2106.72 1934.45 2217.6 2266.07
1995.84 2100.26 2217.6 2266.07
2069.76 2431.88 2217.6 2266.07
