1811.04 939.59 1811.04 1160.67
850.08 1713.37 1811.04 1160.67
850.08 1713.37 1811.04 939.59
1293.6 0 1811.04 939.59
1811.04 939.59 3437.28 829.05
1293.6 0 3437.28 829.05
1811.04 1160.67 2845.92 1713.37
1848 1658.1 2845.92 1713.37
1811.04 1160.67 1848 1658.1
1589.28 1934.45 1811.04 1160.67
850.08 1713.37 1589.28 1934.45
1589.28 1934.45 1848 1658.1
850.08 1713.37 1293.6 2266.07
1293.6 2266.07 1589.28 1934.45
2106.72 1934.45 2845.92 1713.37
1848 1658.1 2106.72 1934.45
2402.4 2266.07 2845.92 1713.37
2106.72 1934.45 2402.4 2266.07
2402.4 2266.07 2402.4 2874.04
2069.76 2431.88 2402.4 2874.04
2069.76 2431.88 2402.4 2266.07
1293.6 2874.04 1774.08 2431.88
1774.08 2431.88 1774.08 2874.04
1293.6 2874.04 1774.08 2874.04
2069.76 2874.04 2402.4 2874.04
2069.76 2431.88 2069.76 2874.04
1774.08 2431.88 2069.76 2431.88
1774.08 2431.88 2069.76 2874.04
1774.08 2874.04 2069.76 2874.04
1848 1658.1 1848 1879.18
1589.28 1934.45 1848 1879.18
1995.84 1879.18 2106.72 1934.45
1848 1658.1 1995.84 1879.18
1848 1879.18 1995.84 1879.18
1848 1879.18 1848 2100.26
1589.28 1934.45 1848 2100.26
1995.84 2100.26 2402.4 2266.07
1995.84 2100.26 2106.72 1934.45
1995.84 2100.26 2069.76 2431.88
1774.08 2431.88 1995.84 2100.26
1774.08 2431.88 1848 2100.26
1848 2100.26 1995.84 2100.26
1995.84 1879.18 1995.84 2100.26
1848 1879.18 1995.84 2100.26
1034.88 3758.36 2661.12 3758.36
2587.2 3592.55 2661.12 3758.36
1034.88 3758.36 2587.2 3592.55
1034.88 3758.36 1108.8 3592.55
1108.8 3592.55 2587.2 3592.55
887.04 3316.2 1108.8 3592.55
1108.8 3592.55 1182.72 3426.74
887.04 3316.2 1182.72 3426.74
2587.2 3592.55 2808.96 3316.2
2513.28 3426.74 2808.96 3316.2
2513.28 3426.74 2587.2 3592.55
1182.72 3426.74 1774.08 2874.04
1774.08 2874.04 2513.28 3426.74
1182.72 3426.74 2513.28 3426.74
1108.8 3592.55 2513.28 3426.74
887.04 3316.2 1293.6 2874.04
1256.64 3205.66 1293.6 2874.04
887.04 3316.2 1256.64 3205.66
1182.72 3426.74 1256.64 3205.66
1256.64 3205.66 1774.08 2874.04
2402.4 2874.04 2808.96 3316.2
2439.36 3205.66 2808.96 3316.2
2402.4 2874.04 2439.36 3205.66
2439.36 3205.66 2513.28 3426.74
2069.76 2874.04 2439.36 3205.66
1774.08 2874.04 2439.36 3205.66
1330.56 2984.58 1774.08 2874.04
1293.6 2874.04 1330.56 2984.58
1256.64 3205.66 1330.56 2984.58
2365.44 2984.58 2402.4 2874.04
2069.76 2874.04 2365.44 2984.58
2365.44 2984.58 2439.36 3205.66
406.56 2376.61 1293.6 2874.04
406.56 2376.61 887.04 3316.2
332.64 1437.02 1811.04 939.59
332.64 1437.02 850.08 1713.37
332.64 1437.02 1293.6 0
258.72 2321.34 332.64 1437.02
332.64 1437.02 332.64 1602.83
258.72 2321.34 332.64 1602.83
332.64 1602.83 591.36 1768.64
258.72 2321.34 591.36 1768.64
591.36 1768.64 850.08 1713.37
332.64 1437.02 591.36 1768.64
739.2 2100.26 1293.6 2266.07
739.2 2100.26 850.08 1713.37
1293.6 2266.07 1293.6 2874.04
739.2 2100.26 1293.6 2874.04
406.56 2376.61 739.2 2100.26
591.36 1768.64 739.2 2100.26
258.72 2321.34 406.56 2376.61
258.72 2321.34 739.2 2100.26
1811.04 1160.67 3104.64 1105.4
1811.04 939.59 3104.64 1105.4
2845.92 1713.37 3104.64 1105.4
2845.92 1713.37 3437.28 829.05
3104.64 1105.4 3437.28 829.05
3104.64 2763.5 3437.28 829.05
2845.92 1713.37 3104.64 2763.5
2402.4 2266.07 3104.64 2763.5
2808.96 3316.2 3104.64 2763.5
2402.4 2874.04 3104.64 2763.5
3437.28 829.05 3696 663.24
1293.6 0 3696 663.24
3104.64 2763.5 3696 663.24
591.36 4697.95 2661.12 3758.36
591.36 4697.95 1034.88 3758.36
406.56 4089.98 1034.88 3758.36
406.56 4089.98 591.36 4697.95
147.84 4255.79 406.56 4089.98
147.84 4255.79 591.36 4697.95
3585.12 4089.98 3696 663.24
3104.64 2763.5 3585.12 4089.98
2661.12 3758.36 3141.6 4587.41
591.36 4697.95 3141.6 4587.41
665.28 3758.36 1108.8 3592.55
665.28 3758.36 1034.88 3758.36
665.28 3758.36 887.04 3316.2
406.56 2376.61 665.28 3758.36
258.72 2321.34 665.28 3758.36
406.56 4089.98 665.28 3758.36
147.84 4255.79 665.28 3758.36
147.84 4255.79 258.72 2321.34
2808.96 3316.2 3030.72 3592.55
2587.2 3592.55 3030.72 3592.55
2661.12 3758.36 3030.72 3592.55
3030.72 3592.55 3104.64 2763.5
3030.72 3592.55 3585.12 4089.98
3141.6 4587.41 3585.12 4089.98
3030.72 3592.55 3141.6 4587.41
1293.6 2874.04 1478.4 2321.34
1293.6 2266.07 1478.4 2321.34
1478.4 2321.34 1774.08 2431.88
1478.4 2321.34 1589.28 1934.45
1478.4 2321.34 1848 2100.26
