1811.04 939.59 1811.04 1160.67
1478.4 1050.13 1811.04 1160.67
1478.4 1050.13 1811.04 939.59
1293.6 0 1811.04 939.59
1293.6 0 1478.4 1050.13
739.2 0 1293.6 0
739.2 0 1478.4 1050.13
1811.04 1160.67 2217.6 1050.13
1811.04 939.59 2217.6 1050.13
1293.6 0 2217.6 1050.13
1108.8 1326.48 1478.4 1050.13
739.2 0 1108.8 1326.48
850.08 1713.37 1108.8 1326.48
1108.8 1326.48 1552.32 1768.64
850.08 1713.37 1552.32 1768.64
1774.08 2431.88 1848 2431.88
1811.04 2487.15 1848 2431.88
1774.08 2431.88 1811.04 2487.15
1848 2431.88 2069.76 2431.88
2032.8 2487.15 2069.76 2431.88
1848 2431.88 2032.8 2487.15
1811.04 2487.15 2032.8 2487.15
1774.08 2874.04 2069.76 2874.04
2032.8 2487.15 2069.76 2874.04
1774.08 2874.04 2032.8 2487.15
1774.08 2874.04 1811.04 2487.15
2106.72 1934.45 2143.68 1768.64
1995.84 1879.18 2143.68 1768.64
1995.84 1879.18 2106.72 1934.45
1848 2100.26 1848 2431.88
1774.08 2431.88 1848 2100.26
1995.84 2100.26 2069.76 2431.88
1848 2431.88 1995.84 2100.26
1848 2100.26 1995.84 2100.26
1848 1547.56 1848 1658.1
1774.08 1658.1 1848 1658.1
1774.08 1658.1 1848 1547.56
1552.32 1768.64 1589.28 1934.45
1589.28 1934.45 1774.08 1768.64
1552.32 1768.64 1774.08 1768.64
1589.28 1934.45 1848 1879.18
1774.08 1768.64 1848 1879.18
1552.32 1768.64 1774.08 1658.1
1774.08 1658.1 1774.08 1768.64
1921.92 1768.64 2143.68 1768.64
1921.92 1768.64 1995.84 1879.18
1848 1879.18 1995.84 1879.18
1848 1879.18 1921.92 1768.64
1774.08 1768.64 1921.92 1768.64
1848 1658.1 1848 1713.37
1774.08 1658.1 1848 1713.37
1774.08 1768.64 1848 1713.37
1848 1713.37 1921.92 1768.64
2143.68 1768.64 2587.2 1326.48
1958.88 1547.56 2587.2 1326.48
1958.88 1547.56 2143.68 1768.64
2624.16 3647.82 2661.12 3758.36
2587.2 3592.55 2661.12 3758.36
2587.2 3592.55 2624.16 3647.82
2550.24 3482.01 2587.2 3592.55
2513.28 3426.74 2587.2 3592.55
2513.28 3426.74 2550.24 3482.01
1256.64 2874.04 1293.6 2874.04
1293.6 2874.04 1330.56 2984.58
1256.64 2874.04 1330.56 2984.58
2402.4 2874.04 2439.36 2874.04
2365.44 2984.58 2439.36 2874.04
2365.44 2984.58 2402.4 2874.04
1256.64 3205.66 1774.08 2874.04
1589.28 2874.04 1774.08 2874.04
1256.64 3205.66 1589.28 2874.04
1256.64 3205.66 1293.6 3095.12
1293.6 3095.12 1589.28 2874.04
2365.44 2984.58 2402.4 3095.12
2106.72 2874.04 2402.4 3095.12
2106.72 2874.04 2365.44 2984.58
813.12 3316.2 887.04 3316.2
887.04 3316.2 887.04 3426.74
813.12 3316.2 887.04 3426.74
1145.76 3482.01 1182.72 3426.74
1071.84 3426.74 1182.72 3426.74
1071.84 3426.74 1145.76 3482.01
1108.8 3592.55 1145.76 3482.01
1034.88 3592.55 1145.76 3482.01
1034.88 3592.55 1108.8 3592.55
1034.88 3592.55 1071.84 3426.74
1071.84 3647.82 1108.8 3592.55
1034.88 3592.55 1071.84 3647.82
924 3592.55 1071.84 3647.82
924 3592.55 1034.88 3592.55
887.04 3426.74 1071.84 3426.74
887.04 3426.74 1034.88 3592.55
887.04 3426.74 924 3592.55
887.04 3316.2 1034.88 3205.66
813.12 3316.2 1034.88 3205.66
1219.68 3316.2 1256.64 3205.66
1182.72 3205.66 1256.64 3205.66
1182.72 3205.66 1219.68 3316.2
887.04 3426.74 1071.84 3316.2
887.04 3316.2 1071.84 3316.2
1071.84 3316.2 1071.84 3426.74
1034.88 3205.66 1071.84 3316.2
1182.72 3426.74 1219.68 3316.2
1145.76 3316.2 1219.68 3316.2
1145.76 3316.2 1182.72 3426.74
1071.84 3426.74 1145.76 3316.2
1071.84 3316.2 1145.76 3316.2
2476.32 3316.2 2513.28 3426.74
2513.28 3316.2 2513.28 3426.74
2476.32 3316.2 2513.28 3316.2
2550.24 3426.74 2550.24 3482.01
2513.28 3426.74 2550.24 3426.74
2513.28 3316.2 2550.24 3426.74
2513.28 3316.2 2661.12 3316.2
2550.24 3426.74 2661.12 3316.2
2661.12 3316.2 2808.96 3316.2
2624.16 3426.74 2808.96 3316.2
2624.16 3426.74 2661.12 3316.2
2587.2 3592.55 2624.16 3426.74
2550.24 3482.01 2624.16 3426.74
2550.24 3426.74 2624.16 3426.74
2069.76 2874.04 2254.56 2763.5
2032.8 2487.15 2254.56 2763.5
2069.76 2874.04 2106.72 2874.04
2106.72 2874.04 2254.56 2763.5
2365.44 2763.5 2439.36 2874.04
2365.44 2763.5 2402.4 2874.04
2291.52 2874.04 2365.44 2984.58
2106.72 2874.04 2291.52 2874.04
2254.56 2763.5 2291.52 2874.04
2254.56 2763.5 2365.44 2763.5
2291.52 2874.04 2365.44 2763.5
2328.48 2874.04 2402.4 2874.04
2328.48 2874.04 2365.44 2984.58
2291.52 2874.04 2328.48 2874.04
2328.48 2874.04 2365.44 2763.5
1552.32 2763.5 1774.08 2874.04
1552.32 2763.5 1589.28 2874.04
1330.56 2984.58 1478.4 2874.04
1293.6 2874.04 1478.4 2874.04
1293.6 2874.04 1441.44 2763.5
1441.44 2763.5 1478.4 2874.04
1441.44 2763.5 1552.32 2763.5
1478.4 2874.04 1552.32 2763.5
1293.6 3095.12 1330.56 2984.58
1330.56 2984.58 1515.36 2874.04
1293.6 3095.12 1515.36 2874.04
1515.36 2874.04 1589.28 2874.04
1478.4 2874.04 1515.36 2874.04
1515.36 2874.04 1552.32 2763.5
665.28 1437.02 1108.8 1326.48
665.28 1437.02 850.08 1713.37
776.16 1713.37 850.08 1713.37
665.28 1602.83 850.08 1713.37
665.28 1602.83 776.16 1713.37
665.28 1437.02 665.28 1602.83
665.28 1658.1 776.16 1713.37
665.28 1602.83 665.28 1658.1
776.16 1768.64 850.08 1713.37
776.16 1713.37 776.16 1768.64
665.28 1658.1 776.16 1768.64
591.36 1768.64 665.28 1658.1
591.36 1768.64 776.16 1768.64
739.2 1989.72 850.08 1713.37
739.2 1989.72 776.16 1768.64
702.24 1879.18 776.16 1768.64
591.36 1768.64 702.24 1879.18
702.24 1879.18 739.2 1989.72
628.32 1989.72 739.2 1989.72
628.32 1989.72 702.24 1879.18
258.72 2321.34 406.56 2376.61
221.76 2763.5 406.56 2376.61
221.76 2763.5 258.72 2321.34
406.56 2376.61 443.52 2376.61
221.76 2763.5 443.52 2376.61
258.72 4200.52 406.56 4089.98
295.68 3316.2 406.56 4089.98
258.72 4200.52 295.68 3316.2
184.8 829.05 1108.8 1326.48
184.8 829.05 739.2 0
184.8 829.05 665.28 1437.02
332.64 1437.02 665.28 1437.02
184.8 829.05 332.64 1437.02
332.64 1437.02 332.64 1602.83
184.8 829.05 332.64 1602.83
258.72 2321.34 332.64 1602.83
184.8 829.05 258.72 2321.34
184.8 829.05 221.76 2763.5
332.64 1602.83 369.6 1768.64
258.72 2321.34 369.6 1768.64
369.6 1768.64 443.52 1768.64
332.64 1602.83 443.52 1768.64
591.36 1879.18 702.24 1879.18
591.36 1879.18 628.32 1989.72
591.36 1768.64 591.36 1879.18
517.44 1768.64 591.36 1768.64
517.44 1768.64 591.36 1879.18
443.52 1768.64 517.44 1768.64
443.52 1768.64 591.36 1879.18
406.56 2376.61 591.36 1989.72
258.72 2321.34 591.36 1989.72
628.32 1989.72 665.28 2100.26
591.36 1989.72 665.28 2100.26
591.36 1989.72 628.32 1989.72
443.52 2376.61 591.36 1989.72
443.52 2376.61 665.28 2100.26
369.6 1768.64 591.36 1989.72
591.36 1879.18 591.36 1989.72
443.52 1768.64 591.36 1989.72
665.28 2100.26 702.24 2100.26
443.52 2376.61 702.24 2100.26
702.24 2100.26 739.2 1989.72
628.32 1989.72 702.24 2100.26
554.4 1547.56 665.28 1437.02
332.64 1437.02 554.4 1547.56
554.4 1547.56 665.28 1602.83
332.64 1602.83 554.4 1547.56
554.4 1602.83 665.28 1658.1
554.4 1602.83 591.36 1768.64
517.44 1768.64 554.4 1602.83
443.52 1768.64 554.4 1602.83
332.64 1602.83 554.4 1602.83
554.4 1547.56 554.4 1602.83
554.4 1602.83 665.28 1602.83
2587.2 1326.48 3104.64 1105.4
3030.72 1215.94 3104.64 1105.4
2587.2 1326.48 3030.72 1215.94
2587.2 1326.48 2845.92 1713.37
2217.6 1823.91 2845.92 1713.37
2217.6 1823.91 2587.2 1326.48
2143.68 1768.64 2217.6 1823.91
2217.6 1879.18 2845.92 1713.37
2217.6 1823.91 2217.6 1879.18
2143.68 1768.64 2217.6 1879.18
2106.72 1934.45 2217.6 1879.18
2919.84 1713.37 3511.2 1658.1
3252.48 2210.8 3511.2 1658.1
2919.84 1713.37 3252.48 2210.8
3104.64 2763.5 3252.48 2210.8
3178.56 3039.85 3252.48 2210.8
3104.64 2763.5 3178.56 3039.85
2069.76 2431.88 2217.6 2266.07
1995.84 2100.26 2217.6 2266.07
2845.92 1713.37 2919.84 1713.37
2919.84 1713.37 2956.8 1381.75
2845.92 1713.37 2956.8 1381.75
2587.2 1326.48 2956.8 1381.75
2956.8 1381.75 3030.72 1215.94
3030.72 1215.94 3067.68 1381.75
2956.8 1381.75 3067.68 1381.75
3067.68 1381.75 3511.2 1658.1
2919.84 1713.37 3067.68 1381.75
3030.72 2652.96 3104.64 2763.5
3067.68 2487.15 3104.64 2763.5
3030.72 2652.96 3067.68 2487.15
3067.68 2487.15 3252.48 2210.8
2956.8 2487.15 3252.48 2210.8
2956.8 2487.15 3067.68 2487.15
2956.8 2487.15 3030.72 2652.96
3104.64 1105.4 3326.4 1105.4
3030.72 1215.94 3326.4 1105.4
3067.68 1381.75 3326.4 1105.4
3326.4 1105.4 3511.2 1658.1
2882.88 3316.2 3178.56 3039.85
3178.56 3039.85 3326.4 3316.2
2882.88 3316.2 3326.4 3316.2
3252.48 2210.8 3326.4 3316.2
3326.4 1105.4 3437.28 829.05
3437.28 829.05 3622.08 829.05
3326.4 1105.4 3622.08 829.05
3511.2 1658.1 3696 663.24
3622.08 829.05 3696 663.24
3511.2 1658.1 3622.08 829.05
3622.08 3592.55 3696 663.24
3511.2 1658.1 3622.08 3592.55
3252.48 2210.8 3622.08 3592.55
3326.4 3316.2 3622.08 3592.55
147.84 4255.79 295.68 3316.2
147.84 4255.79 258.72 4200.52
221.76 2763.5 295.68 3316.2
147.84 4255.79 221.76 2763.5
147.84 4255.79 184.8 829.05
369.6 4255.79 406.56 4089.98
258.72 4200.52 369.6 4255.79
406.56 4089.98 554.4 4311.06
369.6 4255.79 554.4 4311.06
665.28 3758.36 887.04 3426.74
665.28 3758.36 813.12 3316.2
295.68 3316.2 813.12 3316.2
295.68 3316.2 665.28 3758.36
665.28 3758.36 924 3592.55
406.56 4089.98 665.28 3758.36
1034.88 3758.36 1071.84 3647.82
924 3758.36 1071.84 3647.82
924 3758.36 1034.88 3758.36
924 3592.55 924 3758.36
665.28 3758.36 924 3758.36
665.28 3758.36 702.24 3979.44
406.56 4089.98 702.24 3979.44
110.88 4753.22 184.8 829.05
110.88 4753.22 147.84 4255.79
110.88 4753.22 443.52 4863.76
332.64 5250.65 443.52 4863.76
110.88 4753.22 332.64 5250.65
517.44 4697.95 554.4 4311.06
554.4 4311.06 1478.4 4697.95
517.44 4697.95 1478.4 4697.95
184.8 4311.06 258.72 4200.52
147.84 4255.79 184.8 4311.06
184.8 4311.06 369.6 4255.79
221.76 4642.68 369.6 4642.68
184.8 4311.06 369.6 4642.68
184.8 4311.06 221.76 4642.68
110.88 4753.22 221.76 4642.68
110.88 4753.22 184.8 4311.06
480.48 4366.33 554.4 4311.06
480.48 4366.33 517.44 4697.95
369.6 4642.68 517.44 4697.95
369.6 4642.68 480.48 4366.33
369.6 4255.79 480.48 4366.33
184.8 4311.06 480.48 4366.33
258.72 4697.95 369.6 4642.68
221.76 4642.68 258.72 4697.95
258.72 4697.95 443.52 4863.76
110.88 4753.22 258.72 4697.95
480.48 4753.22 517.44 4697.95
369.6 4642.68 480.48 4753.22
443.52 4863.76 517.44 4697.95
443.52 4863.76 480.48 4753.22
258.72 4697.95 480.48 4753.22
702.24 3813.63 702.24 3979.44
665.28 3758.36 702.24 3813.63
702.24 3979.44 813.12 3868.9
702.24 3813.63 813.12 3868.9
887.04 3813.63 1034.88 3758.36
887.04 3813.63 924 3758.36
887.04 3979.44 1034.88 3758.36
887.04 3813.63 887.04 3979.44
813.12 3868.9 887.04 3979.44
813.12 3868.9 887.04 3813.63
665.28 3758.36 887.04 3813.63
702.24 3813.63 887.04 3813.63
554.4 4311.06 739.2 4034.71
406.56 4089.98 739.2 4034.71
702.24 3979.44 739.2 4034.71
739.2 4034.71 813.12 3868.9
887.04 3979.44 1478.4 4697.95
850.08 4034.71 1478.4 4697.95
850.08 4034.71 887.04 3979.44
554.4 4311.06 850.08 4034.71
739.2 4034.71 850.08 4034.71
813.12 3868.9 850.08 4034.71
1034.88 3205.66 1108.8 3039.85
813.12 3316.2 1108.8 3039.85
1182.72 3039.85 1330.56 2984.58
1182.72 3039.85 1293.6 3095.12
1182.72 3039.85 1256.64 2874.04
1108.8 3039.85 1256.64 2874.04
1108.8 3039.85 1182.72 3039.85
1108.8 3039.85 1182.72 3205.66
1182.72 3039.85 1182.72 3205.66
1071.84 3316.2 1108.8 3205.66
1034.88 3205.66 1108.8 3205.66
1108.8 3205.66 1145.76 3316.2
1108.8 3205.66 1182.72 3205.66
1108.8 3039.85 1108.8 3205.66
1182.72 3205.66 1293.6 3095.12
1145.76 3316.2 1182.72 3205.66
3511.2 3868.9 3622.08 3592.55
3585.12 4089.98 3622.08 3592.55
3511.2 3868.9 3585.12 4089.98
3363.36 4034.71 3585.12 4089.98
3363.36 4034.71 3511.2 3868.9
2772 3537.28 2808.96 3316.2
2624.16 3426.74 2772 3537.28
2624.16 3647.82 2772 3537.28
2587.2 3592.55 2772 3537.28
3030.72 3592.55 3622.08 3592.55
3030.72 3592.55 3511.2 3868.9
3030.72 3592.55 3326.4 3316.2
2882.88 3316.2 3030.72 3592.55
2808.96 3316.2 2882.88 3316.2
2882.88 3316.2 2882.88 3537.28
2808.96 3316.2 2882.88 3537.28
2772 3537.28 2882.88 3537.28
2882.88 3537.28 3030.72 3592.55
3141.6 4034.71 3215.52 4532.14
2217.6 4697.95 3215.52 4532.14
2217.6 4697.95 3141.6 4034.71
2956.8 4863.76 3215.52 4532.14
2217.6 4697.95 2956.8 4863.76
1848 4145.25 2587.2 3592.55
1848 4145.25 2513.28 3426.74
1848 4145.25 2661.12 3758.36
2217.6 4697.95 2661.12 3758.36
1848 4145.25 2217.6 4697.95
3178.56 4089.98 3215.52 4532.14
3141.6 4034.71 3178.56 4089.98
3141.6 4034.71 3363.36 4034.71
3178.56 4089.98 3363.36 4034.71
3363.36 4034.71 3363.36 4532.14
3178.56 4089.98 3363.36 4532.14
3215.52 4532.14 3363.36 4532.14
3511.2 4587.41 3585.12 4089.98
3548.16 4145.25 3585.12 4089.98
3511.2 4587.41 3548.16 4145.25
3363.36 4532.14 3511.2 4587.41
3363.36 4532.14 3548.16 4145.25
3363.36 4034.71 3548.16 4145.25
3252.48 4587.41 3363.36 4532.14
3215.52 4532.14 3252.48 4587.41
2956.8 4863.76 3252.48 4587.41
3474.24 4642.68 3511.2 4587.41
3363.36 4532.14 3474.24 4642.68
3252.48 4587.41 3474.24 4642.68
2956.8 4863.76 3474.24 4642.68
2661.12 3758.36 2808.96 3592.55
2624.16 3647.82 2808.96 3592.55
2661.12 3758.36 2808.96 3758.36
2808.96 3592.55 2808.96 3758.36
2772 3537.28 2808.96 3592.55
2808.96 3592.55 2882.88 3537.28
2993.76 3758.36 3030.72 3592.55
2993.76 3647.82 3030.72 3592.55
2993.76 3647.82 2993.76 3758.36
2882.88 3537.28 2993.76 3647.82
2808.96 3758.36 2993.76 3758.36
2808.96 3758.36 2993.76 3647.82
2808.96 3592.55 2993.76 3647.82
2808.96 3758.36 2845.92 3813.63
2661.12 3758.36 2845.92 3813.63
2845.92 3813.63 3141.6 4034.71
2217.6 4697.95 2845.92 3813.63
2956.8 3813.63 3141.6 4034.71
2845.92 3813.63 2956.8 3813.63
2956.8 3813.63 2993.76 3758.36
2808.96 3758.36 2956.8 3813.63
2402.4 3039.85 2402.4 3095.12
2365.44 2984.58 2402.4 3039.85
2439.36 2874.04 2476.32 3039.85
2365.44 2984.58 2476.32 3039.85
2402.4 3039.85 2476.32 3039.85
2402.4 3095.12 2476.32 3039.85
2069.76 2874.04 2402.4 3205.66
1774.08 2874.04 2402.4 3205.66
2439.36 3205.66 2476.32 3316.2
2402.4 3205.66 2476.32 3316.2
2402.4 3205.66 2439.36 3205.66
2402.4 3095.12 2439.36 3205.66
2402.4 3095.12 2402.4 3205.66
2106.72 2874.04 2402.4 3205.66
2402.4 3205.66 2513.28 3426.74
1848 4145.25 2402.4 3205.66
2476.32 3205.66 2476.32 3316.2
2439.36 3205.66 2476.32 3205.66
2476.32 3205.66 2513.28 3316.2
2476.32 3205.66 2661.12 3316.2
2402.4 3095.12 2476.32 3205.66
2476.32 3039.85 2476.32 3205.66
2476.32 3039.85 2661.12 3316.2
1478.4 2321.34 1848 2100.26
1478.4 2321.34 1774.08 2431.88
2217.6 2266.07 2217.6 2321.34
2069.76 2431.88 2217.6 2321.34
1848 1547.56 1884.96 1547.56
1848 1437.02 1884.96 1547.56
1848 1437.02 1848 1547.56
1884.96 1547.56 1958.88 1547.56
1848 1437.02 1958.88 1547.56
1478.4 1050.13 1774.08 1381.75
1108.8 1326.48 1774.08 1381.75
1552.32 1768.64 1774.08 1381.75
1774.08 1381.75 1811.04 1160.67
1811.04 1160.67 1848 1381.75
1774.08 1381.75 1848 1381.75
1774.08 1381.75 1848 1547.56
1774.08 1381.75 1774.08 1658.1
1774.08 1381.75 1848 1437.02
1848 1381.75 1848 1437.02
2217.6 1050.13 2587.2 1326.48
1921.92 1381.75 2587.2 1326.48
1921.92 1381.75 2217.6 1050.13
1921.92 1381.75 1958.88 1547.56
1811.04 1160.67 1921.92 1381.75
1848 1381.75 1921.92 1381.75
1848 1437.02 1921.92 1381.75
1478.4 2100.26 1589.28 1934.45
1478.4 2100.26 1552.32 1768.64
1293.6 2266.07 1478.4 2321.34
1478.4 2100.26 1478.4 2321.34
1293.6 2266.07 1478.4 2100.26
1589.28 1934.45 1848 2100.26
1478.4 2100.26 1848 2100.26
2402.4 2266.07 2439.36 2266.07
2217.6 2100.26 2439.36 2266.07
2217.6 2100.26 2402.4 2266.07
2217.6 1879.18 2439.36 2266.07
2217.6 1879.18 2217.6 2100.26
1995.84 2100.26 2106.72 1934.45
2106.72 1934.45 2217.6 2100.26
1995.84 2100.26 2217.6 2100.26
2217.6 2100.26 2217.6 2266.07
2217.6 2266.07 2402.4 2266.07
1663.2 4974.3 1848 5250.65
1848 5250.65 2032.8 4974.3
1663.2 4974.3 2032.8 4974.3
1478.4 4697.95 1848 4145.25
1774.08 4697.95 1848 4145.25
1478.4 4697.95 1774.08 4697.95
1478.4 4697.95 1663.2 4974.3
1663.2 4974.3 1774.08 4697.95
1774.08 4697.95 2032.8 4974.3
1921.92 4697.95 2217.6 4697.95
1848 4145.25 1921.92 4697.95
1774.08 4697.95 1921.92 4697.95
2032.8 4974.3 2217.6 4697.95
1921.92 4697.95 2032.8 4974.3
1663.2 5250.65 1848 5250.65
1663.2 4974.3 1663.2 5250.65
2032.8 4974.3 2032.8 5250.65
1848 5250.65 2032.8 5250.65
517.44 4697.95 1478.4 4974.3
443.52 4863.76 1478.4 4974.3
1478.4 4697.95 1478.4 4974.3
332.64 5250.65 1478.4 4974.3
332.64 5250.65 1663.2 5250.65
1478.4 4974.3 1663.2 5250.65
1478.4 4974.3 1663.2 4974.3
2217.6 4974.3 2956.8 4863.76
2217.6 4697.95 2217.6 4974.3
2032.8 4974.3 2217.6 4974.3
2032.8 5250.65 2956.8 4863.76
2032.8 5250.65 2217.6 4974.3
1071.84 3647.82 1108.8 3758.36
1034.88 3758.36 1108.8 3758.36
887.04 3979.44 1108.8 3758.36
1182.72 3758.36 1478.4 4697.95
887.04 3979.44 1182.72 3758.36
1108.8 3758.36 1182.72 3758.36
1182.72 3758.36 1848 4145.25
1145.76 3482.01 1219.68 3647.82
1108.8 3592.55 1219.68 3647.82
1071.84 3647.82 1219.68 3647.82
1108.8 3758.36 1219.68 3647.82
1182.72 3758.36 1219.68 3647.82
1293.6 3647.82 1774.08 2874.04
1256.64 3205.66 1293.6 3647.82
1219.68 3316.2 1293.6 3647.82
1182.72 3426.74 1293.6 3647.82
1293.6 3647.82 2402.4 3205.66
1293.6 3647.82 1848 4145.25
1145.76 3482.01 1293.6 3647.82
1219.68 3647.82 1293.6 3647.82
1182.72 3758.36 1293.6 3647.82
2772 2210.8 2845.92 1713.37
2217.6 1879.18 2772 2210.8
2439.36 2266.07 2772 2210.8
2772 2210.8 2919.84 1713.37
2772 2210.8 3252.48 2210.8
2772 2210.8 2956.8 2487.15
2882.88 3316.2 2956.8 3039.85
2808.96 3316.2 2956.8 3039.85
2956.8 3039.85 3178.56 3039.85
2956.8 3039.85 3104.64 2763.5
2661.12 3316.2 2956.8 3039.85
2476.32 3039.85 2956.8 3039.85
2956.8 3039.85 3030.72 2652.96
2439.36 2874.04 3030.72 2652.96
2439.36 2874.04 2956.8 3039.85
3141.6 3868.9 3511.2 3868.9
3141.6 3868.9 3363.36 4034.71
3141.6 3868.9 3141.6 4034.71
3030.72 3592.55 3141.6 3868.9
2993.76 3758.36 3141.6 3868.9
2956.8 3813.63 3141.6 3868.9
1848 1658.1 1921.92 1602.83
1848 1547.56 1921.92 1602.83
1884.96 1547.56 1921.92 1602.83
1921.92 1602.83 1958.88 1547.56
1958.88 1602.83 2143.68 1768.64
1958.88 1547.56 1958.88 1602.83
1921.92 1602.83 1958.88 1602.83
1848 1713.37 1921.92 1658.1
1848 1658.1 1921.92 1658.1
1921.92 1658.1 1921.92 1768.64
1921.92 1602.83 1921.92 1658.1
1958.88 1658.1 2143.68 1768.64
1921.92 1768.64 1958.88 1658.1
1921.92 1658.1 1958.88 1658.1
1958.88 1602.83 1958.88 1658.1
1921.92 1602.83 1958.88 1658.1
1330.56 2321.34 1478.4 2321.34
1293.6 2266.07 1330.56 2321.34
1367.52 2376.61 1478.4 2321.34
1330.56 2321.34 1367.52 2376.61
2365.44 2321.34 2439.36 2266.07
2365.44 2321.34 2402.4 2266.07
2217.6 2266.07 2365.44 2321.34
2217.6 2321.34 2365.44 2321.34
2217.6 2321.34 2328.48 2376.61
2069.76 2431.88 2328.48 2376.61
2328.48 2376.61 2365.44 2321.34
850.08 1713.37 1182.72 2210.8
739.2 1989.72 1182.72 2210.8
702.24 2100.26 1182.72 2210.8
1182.72 2210.8 1552.32 1768.64
1182.72 2321.34 1256.64 2874.04
1108.8 3039.85 1182.72 2321.34
443.52 2376.61 1108.8 3039.85
443.52 2376.61 1182.72 2321.34
1182.72 2210.8 1256.64 2266.07
1182.72 2321.34 1256.64 2266.07
1182.72 2210.8 1182.72 2321.34
702.24 2100.26 1182.72 2321.34
1256.64 2210.8 1552.32 1768.64
1256.64 2210.8 1478.4 2100.26
1182.72 2210.8 1256.64 2210.8
1256.64 2266.07 1293.6 2266.07
1256.64 2210.8 1293.6 2266.07
1256.64 2210.8 1256.64 2266.07
1256.64 2321.34 1293.6 2266.07
1256.64 2266.07 1256.64 2321.34
1256.64 2321.34 1330.56 2321.34
1182.72 2321.34 1256.64 2321.34
1256.64 2321.34 1367.52 2376.61
295.68 3205.66 295.68 3316.2
221.76 2763.5 295.68 3205.66
221.76 2763.5 295.68 3039.85
295.68 3039.85 295.68 3205.66
369.6 3039.85 443.52 2376.61
221.76 2763.5 369.6 3039.85
369.6 3039.85 1108.8 3039.85
369.6 3039.85 813.12 3316.2
295.68 3039.85 369.6 3039.85
369.6 3205.66 813.12 3316.2
295.68 3316.2 369.6 3205.66
295.68 3205.66 369.6 3205.66
369.6 3039.85 369.6 3205.66
295.68 3039.85 369.6 3205.66
2587.2 1326.48 3141.6 994.86
2217.6 1050.13 3141.6 994.86
3104.64 1105.4 3141.6 994.86
3141.6 994.86 3326.4 1105.4
2217.6 1050.13 3252.48 829.05
1293.6 0 3252.48 829.05
3141.6 994.86 3252.48 829.05
3252.48 829.05 3437.28 829.05
3252.48 829.05 3326.4 1105.4
3326.4 773.78 3437.28 829.05
3252.48 829.05 3326.4 773.78
1293.6 0 3326.4 773.78
3511.2 718.51 3696 663.24
3511.2 718.51 3622.08 829.05
3437.28 829.05 3511.2 718.51
3326.4 773.78 3511.2 718.51
1293.6 0 3696 663.24
1293.6 0 3511.2 718.51
2328.48 2376.61 2365.44 2431.88
2069.76 2431.88 2365.44 2431.88
2365.44 2321.34 2365.44 2431.88
2439.36 2431.88 2956.8 2487.15
2439.36 2431.88 2772 2210.8
2439.36 2266.07 2439.36 2431.88
2365.44 2321.34 2439.36 2431.88
2365.44 2431.88 2439.36 2431.88
2069.76 2431.88 2365.44 2652.96
2032.8 2487.15 2365.44 2652.96
2254.56 2763.5 2365.44 2652.96
2365.44 2431.88 2365.44 2652.96
2365.44 2652.96 2365.44 2763.5
2365.44 2652.96 2439.36 2431.88
2439.36 2652.96 3030.72 2652.96
2439.36 2652.96 2439.36 2874.04
2439.36 2652.96 2956.8 2487.15
2365.44 2763.5 2439.36 2652.96
2365.44 2652.96 2439.36 2652.96
2439.36 2431.88 2439.36 2652.96
1404.48 2487.15 1478.4 2321.34
1367.52 2376.61 1404.48 2487.15
1256.64 2321.34 1404.48 2487.15
1182.72 2321.34 1404.48 2487.15
1552.32 2487.15 1811.04 2487.15
1552.32 2487.15 1774.08 2431.88
1478.4 2321.34 1552.32 2487.15
1404.48 2487.15 1552.32 2487.15
1293.6 2874.04 1404.48 2652.96
1256.64 2874.04 1404.48 2652.96
1404.48 2652.96 1441.44 2763.5
1182.72 2321.34 1404.48 2652.96
1404.48 2487.15 1404.48 2652.96
1552.32 2652.96 1811.04 2487.15
1552.32 2652.96 1774.08 2874.04
1552.32 2652.96 1552.32 2763.5
1552.32 2487.15 1552.32 2652.96
1441.44 2763.5 1552.32 2652.96
1404.48 2652.96 1552.32 2652.96
1404.48 2487.15 1552.32 2652.96
1921.92 1934.45 1995.84 1879.18
1848 1879.18 1921.92 1934.45
1958.88 1934.45 1995.84 1879.18
1921.92 1934.45 1958.88 1934.45
1848 1879.18 1884.96 1934.45
1884.96 1934.45 1921.92 1934.45
1884.96 1934.45 1921.92 1989.72
1921.92 1934.45 1921.92 1989.72
1921.92 1989.72 1958.88 1934.45
1921.92 2044.99 1995.84 2100.26
1848 2100.26 1921.92 2044.99
1958.88 2044.99 1995.84 2100.26
1921.92 2044.99 1958.88 2044.99
1848 2100.26 1884.96 2044.99
1884.96 2044.99 1921.92 2044.99
1884.96 2044.99 1921.92 1989.72
1921.92 1989.72 1921.92 2044.99
1921.92 1989.72 1958.88 2044.99
1848 1879.18 1848 1989.72
1589.28 1934.45 1848 1989.72
1848 1989.72 1848 2100.26
1848 1989.72 1884.96 2044.99
1848 1989.72 1884.96 1934.45
1848 1989.72 1921.92 1989.72
1995.84 1989.72 2106.72 1934.45
1995.84 1879.18 1995.84 1989.72
1958.88 1934.45 1995.84 1989.72
1995.84 1989.72 1995.84 2100.26
1958.88 2044.99 1995.84 1989.72
1921.92 1989.72 1995.84 1989.72
