1293.6 0 3437.28 829.05
3437.28 829.05 3696 663.24
1293.6 0 3696 663.24
1811.04 939.59 1811.04 1160.67
1478.4 1050.13 1811.04 1160.67
1478.4 1050.13 1811.04 939.59
1293.6 0 1811.04 939.59
1293.6 0 1478.4 1050.13
739.2 0 1293.6 0
739.2 0 1478.4 1050.13
1811.04 1160.67 2217.6 1050.13
1811.04 939.59 2217.6 1050.13
1293.6 0 2217.6 1050.13
2217.6 1050.13 3437.28 829.05
1108.8 1326.48 1478.4 1050.13
739.2 0 1108.8 1326.48
1811.04 1160.67 1848 1547.56
1478.4 1050.13 1848 1547.56
1848 1547.56 2217.6 1050.13
850.08 1713.37 1108.8 1326.48
1108.8 1326.48 1552.32 1768.64
850.08 1713.37 1552.32 1768.64
1478.4 1050.13 1552.32 1768.64
850.08 1713.37 1256.64 2266.07
1256.64 2266.07 1552.32 1768.64
2217.6 1050.13 2587.2 1326.48
2143.68 1768.64 2587.2 1326.48
2143.68 1768.64 2217.6 1050.13
1256.64 2266.07 1293.6 2266.07
1293.6 2266.07 1589.28 1934.45
1256.64 2266.07 1589.28 1934.45
1552.32 1768.64 1589.28 1934.45
1774.08 2431.88 1848 2431.88
1811.04 2487.15 1848 2431.88
1774.08 2431.88 1811.04 2487.15
1848 2431.88 2069.76 2431.88
2032.8 2487.15 2069.76 2431.88
1848 2431.88 2032.8 2487.15
1811.04 2487.15 2032.8 2487.15
1774.08 2874.04 2069.76 2874.04
2032.8 2487.15 2069.76 2874.04
1774.08 2874.04 2032.8 2487.15
1774.08 2874.04 1811.04 2487.15
2106.72 1934.45 2143.68 1768.64
1995.84 1879.18 2143.68 1768.64
1995.84 1879.18 2106.72 1934.45
1589.28 1934.45 1848 1879.18
1848 1879.18 1848 2100.26
1589.28 1934.45 1848 2100.26
1848 2100.26 1848 2431.88
1774.08 2431.88 1848 2100.26
1995.84 2100.26 2069.76 2431.88
1848 2431.88 1995.84 2100.26
1848 2100.26 1995.84 2100.26
1774.08 1658.1 1848 1547.56
1478.4 1050.13 1774.08 1658.1
1552.32 1768.64 1774.08 1658.1
1848 1547.56 1848 1658.1
1774.08 1658.1 1848 1658.1
1921.92 1658.1 2217.6 1050.13
1848 1547.56 1921.92 1658.1
1921.92 1658.1 2143.68 1768.64
1848 1658.1 1921.92 1658.1
1589.28 1934.45 1774.08 1768.64
1552.32 1768.64 1774.08 1768.64
1774.08 1768.64 1848 1879.18
1774.08 1658.1 1774.08 1768.64
1921.92 1768.64 2143.68 1768.64
1921.92 1768.64 1995.84 1879.18
1921.92 1658.1 1921.92 1768.64
1848 1879.18 1995.84 1879.18
1848 1879.18 1921.92 1768.64
1774.08 1768.64 1921.92 1768.64
1848 1658.1 1848 1713.37
1774.08 1658.1 1848 1713.37
1774.08 1768.64 1848 1713.37
1848 1713.37 1921.92 1658.1
1848 1713.37 1921.92 1768.64
1921.92 1989.72 2106.72 1934.45
1921.92 1989.72 1995.84 1879.18
1995.84 2100.26 2106.72 1934.45
1921.92 1989.72 1995.84 2100.26
1848 1879.18 1921.92 1989.72
1848 2100.26 1921.92 1989.72
1034.88 3758.36 1071.84 3647.82
1071.84 3647.82 1108.8 3592.55
1034.88 3758.36 1108.8 3592.55
2624.16 3647.82 2661.12 3758.36
2587.2 3592.55 2661.12 3758.36
2587.2 3592.55 2624.16 3647.82
1108.8 3592.55 1145.76 3482.01
1145.76 3482.01 1182.72 3426.74
1108.8 3592.55 1182.72 3426.74
2550.24 3482.01 2587.2 3592.55
2513.28 3426.74 2587.2 3592.55
2513.28 3426.74 2550.24 3482.01
1219.68 3316.2 1774.08 2874.04
1256.64 3205.66 1774.08 2874.04
1219.68 3316.2 1256.64 3205.66
2069.76 2874.04 2439.36 3205.66
1774.08 2874.04 2439.36 3205.66
1774.08 2874.04 2476.32 3316.2
2439.36 3205.66 2476.32 3316.2
2402.4 3095.12 2439.36 3205.66
2069.76 2874.04 2402.4 3095.12
1256.64 2874.04 1293.6 2874.04
1293.6 2874.04 1330.56 2984.58
1256.64 2874.04 1330.56 2984.58
1256.64 2874.04 1293.6 3095.12
1293.6 3095.12 1330.56 2984.58
2402.4 2874.04 2439.36 2874.04
2365.44 2984.58 2439.36 2874.04
2365.44 2984.58 2402.4 2874.04
2402.4 3095.12 2439.36 2874.04
2365.44 2984.58 2402.4 3095.12
1589.28 2874.04 1774.08 2874.04
1256.64 3205.66 1589.28 2874.04
1256.64 3205.66 1293.6 3095.12
1293.6 3095.12 1589.28 2874.04
2106.72 2874.04 2402.4 3095.12
2069.76 2874.04 2106.72 2874.04
2106.72 2874.04 2365.44 2984.58
1256.64 2266.07 1256.64 2874.04
443.52 2376.61 1256.64 2874.04
443.52 2376.61 1256.64 2266.07
665.28 1437.02 1108.8 1326.48
665.28 1437.02 850.08 1713.37
776.16 1713.37 850.08 1713.37
665.28 1602.83 850.08 1713.37
665.28 1602.83 776.16 1713.37
665.28 1437.02 665.28 1602.83
332.64 1437.02 665.28 1437.02
332.64 1437.02 665.28 1602.83
332.64 1437.02 332.64 1602.83
332.64 1602.83 665.28 1602.83
665.28 1658.1 776.16 1713.37
665.28 1602.83 665.28 1658.1
591.36 1768.64 665.28 1602.83
332.64 1602.83 591.36 1768.64
591.36 1768.64 665.28 1658.1
776.16 1768.64 850.08 1713.37
776.16 1713.37 776.16 1768.64
665.28 1658.1 776.16 1768.64
591.36 1768.64 776.16 1768.64
258.72 2321.34 332.64 1602.83
332.64 1602.83 628.32 1989.72
258.72 2321.34 628.32 1989.72
591.36 1768.64 628.32 1989.72
739.2 1989.72 1256.64 2266.07
739.2 1989.72 850.08 1713.37
739.2 1989.72 776.16 1768.64
258.72 2321.34 406.56 2376.61
406.56 2376.61 665.28 2100.26
258.72 2321.34 665.28 2100.26
628.32 1989.72 665.28 2100.26
406.56 2376.61 443.52 2376.61
443.52 2376.61 665.28 2100.26
665.28 2100.26 1256.64 2266.07
665.28 2100.26 739.2 1989.72
628.32 1989.72 739.2 1989.72
702.24 1879.18 776.16 1768.64
591.36 1768.64 702.24 1879.18
628.32 1989.72 702.24 1879.18
702.24 1879.18 739.2 1989.72
221.76 2763.5 406.56 2376.61
221.76 2763.5 258.72 2321.34
221.76 2763.5 443.52 2376.61
221.76 2763.5 813.12 3316.2
295.68 3316.2 813.12 3316.2
221.76 2763.5 295.68 3316.2
258.72 4200.52 406.56 4089.98
295.68 3316.2 406.56 4089.98
258.72 4200.52 295.68 3316.2
184.8 829.05 1108.8 1326.48
184.8 829.05 739.2 0
184.8 829.05 665.28 1437.02
184.8 829.05 332.64 1437.02
184.8 829.05 332.64 1602.83
184.8 829.05 258.72 2321.34
184.8 829.05 221.76 2763.5
3104.64 1105.4 3437.28 829.05
2217.6 1050.13 3104.64 1105.4
2587.2 1326.48 3104.64 1105.4
2808.96 3316.2 2882.88 3316.2
2882.88 3316.2 3104.64 2763.5
2808.96 3316.2 3104.64 2763.5
2439.36 2874.04 2808.96 3316.2
2439.36 2874.04 3104.64 2763.5
2845.92 1713.37 2919.84 1713.37
2919.84 1713.37 3030.72 1215.94
2845.92 1713.37 3030.72 1215.94
2587.2 1326.48 2845.92 1713.37
2587.2 1326.48 3030.72 1215.94
3030.72 1215.94 3104.64 1105.4
3030.72 2652.96 3104.64 2763.5
2439.36 2874.04 3030.72 2652.96
2217.6 1823.91 2845.92 1713.37
2217.6 1823.91 2587.2 1326.48
2143.68 1768.64 2217.6 1823.91
2439.36 2266.07 2845.92 1713.37
2217.6 1879.18 2845.92 1713.37
2217.6 1879.18 2439.36 2266.07
2217.6 1823.91 2217.6 1879.18
2402.4 2266.07 2439.36 2266.07
2217.6 1879.18 2402.4 2266.07
2143.68 1768.64 2217.6 1879.18
2106.72 1934.45 2217.6 1879.18
3511.2 1658.1 3696 663.24
3437.28 829.05 3511.2 1658.1
3104.64 1105.4 3511.2 1658.1
3030.72 1215.94 3511.2 1658.1
2919.84 1713.37 3511.2 1658.1
2919.84 1713.37 3252.48 2210.8
2845.92 1713.37 3252.48 2210.8
2439.36 2266.07 3252.48 2210.8
2439.36 2266.07 3030.72 2652.96
3030.72 2652.96 3252.48 2210.8
3104.64 2763.5 3252.48 2210.8
3252.48 2210.8 3511.2 1658.1
3511.2 1658.1 3511.2 3868.9
3252.48 2210.8 3511.2 3868.9
3104.64 2763.5 3178.56 3039.85
2882.88 3316.2 3178.56 3039.85
3178.56 3039.85 3511.2 3868.9
3178.56 3039.85 3252.48 2210.8
147.84 4255.79 295.68 3316.2
147.84 4255.79 258.72 4200.52
147.84 4255.79 221.76 2763.5
147.84 4255.79 184.8 829.05
369.6 4255.79 406.56 4089.98
258.72 4200.52 369.6 4255.79
406.56 4089.98 554.4 4311.06
369.6 4255.79 554.4 4311.06
147.84 4255.79 369.6 4255.79
147.84 4255.79 221.76 4642.68
221.76 4642.68 369.6 4255.79
517.44 4697.95 554.4 4311.06
369.6 4642.68 554.4 4311.06
369.6 4642.68 517.44 4697.95
369.6 4255.79 369.6 4642.68
221.76 4642.68 369.6 4642.68
665.28 3758.36 813.12 3316.2
295.68 3316.2 665.28 3758.36
406.56 4089.98 665.28 3758.36
924 3758.36 1071.84 3647.82
924 3758.36 1034.88 3758.36
554.4 4311.06 702.24 3979.44
406.56 4089.98 702.24 3979.44
665.28 3758.36 702.24 3979.44
702.24 3979.44 887.04 3979.44
554.4 4311.06 887.04 3979.44
887.04 3979.44 1034.88 3758.36
887.04 3979.44 924 3758.36
665.28 3758.36 924 3758.36
813.12 3868.9 924 3758.36
665.28 3758.36 813.12 3868.9
813.12 3868.9 887.04 3979.44
702.24 3979.44 813.12 3868.9
813.12 3316.2 887.04 3316.2
887.04 3316.2 887.04 3426.74
813.12 3316.2 887.04 3426.74
665.28 3758.36 887.04 3426.74
1071.84 3426.74 1182.72 3426.74
1071.84 3426.74 1145.76 3482.01
924 3592.55 1071.84 3647.82
924 3592.55 924 3758.36
665.28 3758.36 924 3592.55
887.04 3426.74 924 3592.55
1034.88 3592.55 1145.76 3482.01
1034.88 3592.55 1108.8 3592.55
1034.88 3592.55 1071.84 3426.74
1034.88 3592.55 1071.84 3647.82
924 3592.55 1034.88 3592.55
887.04 3426.74 1071.84 3426.74
887.04 3426.74 1034.88 3592.55
887.04 3316.2 1034.88 3205.66
813.12 3316.2 1034.88 3205.66
1034.88 3205.66 1293.6 3095.12
1034.88 3205.66 1256.64 2874.04
443.52 2376.61 1034.88 3205.66
221.76 2763.5 1034.88 3205.66
1182.72 3205.66 1256.64 3205.66
1182.72 3205.66 1219.68 3316.2
1182.72 3205.66 1293.6 3095.12
1034.88 3205.66 1182.72 3205.66
887.04 3426.74 1071.84 3316.2
887.04 3316.2 1071.84 3316.2
1071.84 3316.2 1071.84 3426.74
1034.88 3205.66 1071.84 3316.2
1182.72 3426.74 1219.68 3316.2
1145.76 3316.2 1219.68 3316.2
1145.76 3316.2 1182.72 3426.74
1071.84 3426.74 1145.76 3316.2
1071.84 3316.2 1145.76 3316.2
1145.76 3316.2 1182.72 3205.66
1034.88 3205.66 1145.76 3316.2
1293.6 2874.04 1441.44 2763.5
1256.64 2874.04 1441.44 2763.5
1293.6 2266.07 1441.44 2763.5
1256.64 2266.07 1441.44 2763.5
1552.32 2763.5 1811.04 2487.15
1552.32 2763.5 1774.08 2874.04
1552.32 2763.5 1589.28 2874.04
1552.32 2763.5 1774.08 2431.88
1330.56 2984.58 1478.4 2874.04
1293.6 2874.04 1478.4 2874.04
1441.44 2763.5 1478.4 2874.04
1441.44 2763.5 1552.32 2763.5
1478.4 2874.04 1552.32 2763.5
1330.56 2984.58 1515.36 2874.04
1293.6 3095.12 1515.36 2874.04
1515.36 2874.04 1589.28 2874.04
1478.4 2874.04 1515.36 2874.04
1515.36 2874.04 1552.32 2763.5
1478.4 2321.34 1589.28 1934.45
1293.6 2266.07 1478.4 2321.34
1478.4 2321.34 1848 2100.26
1478.4 2321.34 1774.08 2431.88
1441.44 2763.5 1478.4 2321.34
1478.4 2321.34 1552.32 2763.5
3585.12 4089.98 3696 663.24
3511.2 1658.1 3585.12 4089.98
3511.2 3868.9 3585.12 4089.98
3363.36 4034.71 3585.12 4089.98
3363.36 4034.71 3511.2 3868.9
3141.6 4034.71 3215.52 4532.14
3215.52 4532.14 3363.36 4034.71
3141.6 4034.71 3363.36 4034.71
3511.2 4587.41 3585.12 4089.98
3363.36 4532.14 3585.12 4089.98
3363.36 4532.14 3511.2 4587.41
3363.36 4034.71 3363.36 4532.14
3215.52 4532.14 3363.36 4532.14
2624.16 3647.82 2772 3537.28
2587.2 3592.55 2772 3537.28
3030.72 3592.55 3511.2 3868.9
3030.72 3592.55 3178.56 3039.85
2882.88 3316.2 3030.72 3592.55
2661.12 3758.36 2808.96 3758.36
2624.16 3647.82 2808.96 3758.36
2772 3537.28 2808.96 3758.36
2661.12 3758.36 3141.6 4034.71
2808.96 3758.36 3141.6 4034.71
2993.76 3758.36 3511.2 3868.9
2993.76 3758.36 3363.36 4034.71
2993.76 3758.36 3141.6 4034.71
2993.76 3758.36 3030.72 3592.55
2808.96 3758.36 2993.76 3758.36
2882.88 3316.2 2882.88 3537.28
2808.96 3316.2 2882.88 3537.28
2772 3537.28 2808.96 3316.2
2772 3537.28 2882.88 3537.28
2882.88 3537.28 3030.72 3592.55
2808.96 3758.36 2882.88 3537.28
2882.88 3537.28 2993.76 3758.36
2476.32 3316.2 2513.28 3426.74
2513.28 3316.2 2513.28 3426.74
2476.32 3316.2 2513.28 3316.2
2439.36 3205.66 2513.28 3316.2
2661.12 3316.2 2808.96 3316.2
2439.36 2874.04 2661.12 3316.2
2402.4 3095.12 2661.12 3316.2
2439.36 3205.66 2661.12 3316.2
2513.28 3316.2 2661.12 3316.2
2550.24 3426.74 2550.24 3482.01
2513.28 3426.74 2550.24 3426.74
2513.28 3316.2 2550.24 3426.74
2550.24 3426.74 2661.12 3316.2
2587.2 3592.55 2624.16 3426.74
2550.24 3482.01 2624.16 3426.74
2624.16 3426.74 2772 3537.28
2624.16 3426.74 2808.96 3316.2
2624.16 3426.74 2661.12 3316.2
2550.24 3426.74 2624.16 3426.74
2069.76 2431.88 2254.56 2763.5
2032.8 2487.15 2254.56 2763.5
2069.76 2874.04 2254.56 2763.5
2106.72 2874.04 2254.56 2763.5
2365.44 2763.5 3030.72 2652.96
2365.44 2763.5 2439.36 2874.04
2365.44 2763.5 2439.36 2266.07
2365.44 2763.5 2402.4 2874.04
2365.44 2763.5 2402.4 2266.07
2069.76 2431.88 2402.4 2266.07
2069.76 2431.88 2365.44 2763.5
2254.56 2763.5 2365.44 2763.5
2291.52 2874.04 2365.44 2984.58
2106.72 2874.04 2291.52 2874.04
2254.56 2763.5 2291.52 2874.04
2291.52 2874.04 2365.44 2763.5
2328.48 2874.04 2402.4 2874.04
2328.48 2874.04 2365.44 2984.58
2291.52 2874.04 2328.48 2874.04
2328.48 2874.04 2365.44 2763.5
2106.72 1934.45 2217.6 2266.07
1995.84 2100.26 2217.6 2266.07
2217.6 2266.07 2402.4 2266.07
2069.76 2431.88 2217.6 2266.07
2217.6 1879.18 2217.6 2266.07
443.52 4863.76 517.44 4697.95
369.6 4642.68 443.52 4863.76
221.76 4642.68 443.52 4863.76
110.88 4753.22 184.8 829.05
110.88 4753.22 147.84 4255.79
110.88 4753.22 221.76 4642.68
110.88 4753.22 443.52 4863.76
332.64 5250.65 443.52 4863.76
110.88 4753.22 332.64 5250.65
554.4 4311.06 1478.4 4697.95
517.44 4697.95 1478.4 4697.95
887.04 3979.44 1478.4 4697.95
443.52 4863.76 1478.4 4697.95
332.64 5250.65 1478.4 4697.95
2217.6 4697.95 3141.6 4034.71
2217.6 4697.95 2661.12 3758.36
2217.6 4697.95 3215.52 4532.14
2956.8 4863.76 3511.2 4587.41
2956.8 4863.76 3363.36 4532.14
2956.8 4863.76 3215.52 4532.14
2217.6 4697.95 2956.8 4863.76
1478.4 4697.95 1848 5250.65
332.64 5250.65 1848 5250.65
1478.4 4697.95 2217.6 4697.95
1848 5250.65 2217.6 4697.95
1848 5250.65 2956.8 4863.76
1848 4145.25 2587.2 3592.55
1848 4145.25 2513.28 3426.74
1182.72 3426.74 1848 4145.25
1108.8 3592.55 1848 4145.25
1774.08 2874.04 1848 4145.25
1219.68 3316.2 1848 4145.25
1848 4145.25 2476.32 3316.2
1034.88 3758.36 1848 4145.25
887.04 3979.44 1848 4145.25
1478.4 4697.95 1848 4145.25
1848 4145.25 2661.12 3758.36
1848 4145.25 2217.6 4697.95
