1482.93 508.007 1663.09 1050.13
1663.09 1050.13 1999.29 1050.13
1600.3 1239.07 1663.09 1050.13
1016.4 590.107 1482.93 508.007
1482.93 508.007 2263.58 78.0987
904.973 668.542 1016.4 590.107
1999.29 1050.13 2263.58 78.0987
1999.29 1050.13 2036.25 1186.06
2263.58 78.0987 2352.34 0
860.42 680.955 904.973 668.542
904.973 668.542 1439.05 1382.84
909.885 1473.41 1206.64 1671.86
1206.64 1671.86 1433.99 1443.81
1193.1 1843.92 1206.64 1671.86
1811.04 2447.16 1921.92 2521.3
1811.04 2266.07 1811.04 2447.16
1681.68 2533.66 1811.04 2447.16
1921.92 2521.3 1958.88 2397.73
1958.88 2282.55 1958.88 2397.73
1958.88 2397.73 2203.49 2561.3
1921.92 2521.3 1921.92 2692.95
1921.92 2692.95 2077.98 2678.04
1921.92 2692.95 1921.92 3354.98
1749.91 2676.52 1921.92 2692.95
2032.8 1774.48 2083.47 1842.24
2083.47 1842.24 2135.79 1853.9
2037.5 1934.45 2083.47 1842.24
1811.04 2266.07 1921.92 2266.07
1678.6 2236.55 1811.04 2266.07
1921.92 2266.07 1958.88 2282.55
1958.88 2282.55 2047.12 2262.88
1921.92 2122.06 1921.92 2266.07
1811.04 1602.83 1811.04 1685.74
1687.06 1519.93 1811.04 1602.83
1811.04 1602.83 1864.3 1602.83
1663.2 1830.95 1714.69 1888.34
1663.2 1713.37 1663.2 1830.95
1357.12 1899.18 1663.2 1830.95
1714.69 1888.34 1848 1799.19
1714.69 1888.34 1724.54 1934.45
1663.2 1713.37 1790.38 1713.37
1566.77 1519.93 1663.2 1713.37
1921.92 1848.63 2032.8 1774.48
2032.8 1744.26 2032.8 1774.48
1848 1799.19 1921.92 1848.63
1921.92 1848.63 1921.92 1857.38
1848 1790.44 1848 1799.19
1790.38 1713.37 1811.04 1685.74
1811.04 1685.74 1884.96 1685.73
1790.38 1713.37 1848 1790.44
1848 1790.44 1905.62 1713.37
2282.75 1464.62 2366.11 1548.23
2257.86 1393.89 2282.75 1464.62
2150.46 1575.19 2282.75 1464.62
2320.77 3810.71 2681.06 3569.78
2210.76 3859.75 2320.77 3810.71
2320.77 3810.71 2732.38 3673.08
2246.85 3644.9 2531.76 3454.38
2246.85 3644.9 2633.09 3515.76
2099.3 3710.68 2246.85 3644.9
1275.12 2941.67 1386 2904.59
1239.24 2965.66 1275.12 2941.67
1275.12 2726.43 1275.12 2941.67
2420.88 2806.41 2420.88 2941.67
2365.44 2923.13 2420.88 2941.67
2420.88 2941.67 2447.25 2959.3
1662.18 3279.81 1681.68 3299.37
1681.68 2781.7 1681.68 3299.37
1681.68 3299.37 1738.49 3388.01
1552.32 3132.87 1662.18 3279.81
1219.68 3131.85 1662.18 3279.81
2156.34 3115.94 2199.12 3015.82
2156.34 3115.94 2301.27 3067.49
2130.58 3150.39 2156.34 3115.94
850.08 3112.64 850.08 3371.47
850.08 3371.47 979.44 3371.47
647.818 3506.73 850.08 3371.47
1065.46 3512.34 1127.28 3429.66
1127.28 3383.83 1127.28 3429.66
1127.28 3429.66 1266.76 3522.93
1065.46 3512.34 1071.84 3518.74
1071.84 3518.74 1071.84 3607.83
1071.84 3518.74 1194.38 3559.72
979.44 3493.17 1065.46 3512.34
979.44 3669.62 1071.84 3607.83
1071.84 3607.83 1145.76 3657.26
979.44 3493.17 979.44 3669.62
977.257 3675.45 979.44 3669.62
979.44 3371.47 979.44 3493.17
715.518 3552 979.44 3493.17
850.08 3112.64 979.44 3285.65
793.206 2998.54 850.08 3112.64
1219.68 3131.85 1219.68 3254.75
1182.72 3267.11 1219.68 3254.75
1219.68 3254.75 1642.28 3396.05
979.44 3285.65 979.44 3371.47
979.44 3371.47 1108.8 3371.47
979.44 3285.65 1071.84 3254.75
1127.28 3383.83 1182.72 3365.29
1182.72 3267.11 1182.72 3365.29
1182.72 3365.29 1421.74 3445.21
1108.8 3371.47 1127.28 3383.83
1108.8 3267.11 1108.8 3371.47
2494.8 3371.47 2531.76 3371.47
2053.32 3519.08 2494.8 3371.47
2494.8 3260.93 2494.8 3371.47
2531.76 3371.47 2531.76 3454.38
2531.76 3454.38 2587.2 3454.38
2531.76 3371.47 2587.2 3352.93
2587.2 3230.04 2587.2 3352.93
2587.2 3352.93 2735.04 3402.36
2735.04 3402.36 2745.08 3419.15
2735.04 3098.93 2735.04 3402.36
2587.2 3454.38 2633.09 3515.76
2633.09 3515.76 2667.17 3523.35
2587.2 3352.93 2587.2 3454.38
2077.98 2678.04 2088.24 2695.19
2077.98 2678.04 2190.16 2588.02
2088.24 2695.19 2199.12 2843.49
2088.24 2695.19 2088.24 3188.14
2365.44 2824.95 2420.88 2806.41
2420.88 2806.41 2485.05 2763.5
2199.12 2843.49 2199.12 3015.82
2199.12 3015.82 2310 2941.67
2199.12 2843.49 2310 2806.41
2310 2708.23 2310 2806.41
2310 2941.67 2365.44 2923.13
2365.44 2824.95 2365.44 2923.13
2310 2806.41 2310 2941.67
2310 2806.41 2365.44 2824.95
1552.32 2824.95 1681.68 2781.7
1681.68 2781.7 1718.3 2708.23
1386 2843.49 1386 2904.59
1386 2904.59 1496.88 3052.89
1386 2843.49 1496.88 2806.41
1312.49 2745.17 1386 2843.49
1496.88 2708.23 1496.88 2806.41
1533.33 3113.83 1552.32 3132.87
1496.88 3052.89 1533.33 3113.83
1260.53 3022.61 1533.33 3113.83
1552.32 2824.95 1552.32 3132.87
1496.88 2806.41 1496.88 3052.89
1496.88 2806.41 1552.32 2824.95
840.331 1519.92 909.885 1473.41
759.227 868.926 909.885 1473.41
813.12 1565.42 840.331 1519.92
748.27 1630.47 813.12 1565.42
813.12 1565.42 813.12 1741.01
637.39 1519.93 840.331 1519.92
693.17 1741.01 748.27 1630.47
609.84 1630.47 748.27 1630.47
693.17 1741.01 813.12 1741.01
813.12 1741.01 939.113 1909.51
683.76 1750.44 693.17 1741.01
683.76 1750.44 683.76 1786.84
583.466 1683.38 683.76 1750.44
843.241 1893.48 939.113 1909.51
939.113 1909.51 1036.55 1948.61
683.76 1786.84 843.241 1893.48
646.8 1823.91 683.76 1786.84
683.76 1946.81 843.241 1893.48
646.8 1922.09 683.76 1946.81
683.76 1946.81 683.76 2032.63
259.712 2544.05 425.04 2623.02
0 2522.34 259.712 2544.05
259.712 2544.05 410.436 2140.88
425.04 2147.86 425.04 2623.02
425.04 2623.02 614.05 2731.36
0 3746.77 35.8191 3748.27
35.8191 3748.27 346.347 4163.58
35.8191 3748.27 267.842 3715.02
759.227 868.926 860.42 680.955
498.96 1074.62 759.227 868.926
0 1195.95 498.96 1074.62
498.96 1074.62 498.96 1381.07
0 1519.92 429.745 1519.92
0 1764 406.56 1673.38
0 1981.96 315.009 2045.16
406.56 1673.38 406.56 1953.33
406.56 1673.38 443.52 1648.66
646.8 1823.91 646.8 1922.09
609.84 1934.45 646.8 1922.09
554.4 1823.91 646.8 1823.91
480.48 1873.34 554.4 1823.91
554.4 1689.85 554.4 1823.91
434.789 1934.45 480.48 1873.34
480.48 1673.38 480.48 1873.34
410.436 2140.88 425.04 2147.86
315.009 2045.16 410.436 2140.88
456.51 2159.88 609.84 2057.35
609.84 1934.45 609.84 2057.35
609.84 2057.35 683.76 2032.63
425.04 2147.86 456.51 2159.88
456.51 2159.88 683.76 2342.24
315.009 2045.16 406.56 1953.33
434.789 1934.45 609.84 1934.45
406.56 1953.33 434.789 1934.45
683.76 2032.63 683.76 2342.24
683.76 2342.24 822.315 2471.96
683.76 2032.63 950.255 2121.74
498.96 1381.07 637.39 1519.93
429.745 1519.92 498.96 1381.07
609.84 1575.19 637.39 1519.93
429.745 1519.92 443.52 1575.19
554.4 1689.85 583.466 1683.38
583.466 1683.38 609.84 1630.47
480.48 1673.38 554.4 1689.85
443.52 1575.19 443.52 1648.66
443.52 1648.66 480.48 1673.38
443.52 1575.19 609.84 1575.19
609.84 1575.19 609.84 1630.47
2724.16 930.949 2793.61 1209.62
2724.16 930.949 3215.52 1259.53
2717.07 914.363 2724.16 930.949
2366.11 1548.23 2512.06 1656.68
2512.06 1656.68 2546.35 1851.54
2512.06 1656.68 2750.61 1497.16
2139.31 1851.54 2366.11 1548.23
2139.31 1851.54 2546.35 1851.54
2546.35 1851.54 2565.99 1925.98
2135.79 1853.9 2139.31 1851.54
2135.79 1853.9 2203.49 1989.72
3211.69 1644.71 3232.22 1864.41
3232.22 1864.41 3696 2081.51
3012.24 2011.52 3232.22 1864.41
3492.14 2571.03 3696 2625.56
3067.68 2921.45 3696 2753.38
2047.12 2262.88 2081.69 2293.71
2047.12 2262.88 2106.72 2183.16
2750.61 1497.16 2882.88 1541.38
2882.88 1541.38 3012.24 1555.8
2882.88 1541.38 2882.88 1973.07
2750.61 1497.16 2793.61 1209.62
2793.61 1209.62 3012.24 1307.08
3012.24 1307.08 3012.24 1555.8
3012.24 1307.08 3216.29 1261.6
3012.24 1555.8 3211.69 1644.71
3211.69 1644.71 3364.15 1400.02
3218.03 2607.69 3492.14 2571.03
3012.24 2561.82 3218.03 2607.69
2890.54 2826.68 3218.03 2607.69
3012.24 2250.11 3492.14 2571.03
3012.24 2250.11 3012.24 2561.82
2735.04 2685.4 3012.24 2561.82
3215.52 1259.53 3216.29 1261.6
3215.52 1081.02 3215.52 1259.53
3216.29 1261.6 3364.15 1400.02
3364.15 1400.02 3696 1289.07
3104.64 3257.12 3696 2940.75
3104.64 3257.12 3104.64 3375.28
3067.68 3217.57 3104.64 3257.12
3529.68 1026.54 3696 1204.5
3344.88 952.396 3529.68 1026.54
3529.68 810.854 3529.68 1026.54
3614.14 726.13 3696 762.622
3326.4 3612.56 3696 3217.1
0 3820.34 214.703 4251.07
346.347 4163.58 488.374 4195.24
280.729 4295.22 346.347 4163.58
466.033 4269.94 488.374 4195.24
488.374 4195.24 584.303 4131.09
554.4 3475.49 647.818 3506.73
647.818 3506.73 715.518 3552
267.842 3715.02 554.4 3475.49
554.4 3409.22 554.4 3475.49
715.518 3552 794.64 3675.46
267.842 3715.02 503.668 3899.01
977.257 3675.45 979.44 3678.37
979.44 3678.37 979.44 3835.43
979.44 3678.37 1071.84 3709.27
794.64 3675.46 977.257 3675.45
794.64 3675.46 794.64 3711.85
503.668 3899.01 518.458 3896.54
503.668 3899.01 579.399 4101.58
211.378 5006.56 248.303 4895.45
211.378 5006.56 929.623 5212.41
649.531 4515.36 997.92 4548.64
997.92 4548.64 1015.09 4507.62
997.92 4548.64 997.92 4836.13
214.703 4251.07 280.729 4295.22
0 4394.65 214.703 4251.07
280.729 4295.22 317.675 4418.76
0 4499.53 295.68 4466.57
295.68 4466.57 310.255 4458.45
295.68 4466.57 295.68 4633.24
0 4531.12 179.358 4711.03
495.012 4532.58 649.531 4515.36
466.033 4269.94 649.531 4515.36
310.255 4458.45 495.012 4532.58
438.078 4684.87 495.012 4532.58
317.675 4418.76 466.033 4269.94
310.255 4458.45 317.675 4418.76
179.358 4711.03 295.68 4633.24
295.68 4633.24 360.303 4762.89
179.358 4711.03 248.303 4895.45
248.303 4895.45 357.634 4773.59
438.078 4684.87 783.872 4916.11
360.303 4762.89 438.078 4684.87
357.634 4773.59 783.872 4916.11
783.872 4916.11 953.208 4991.6
357.634 4773.59 360.303 4762.89
518.458 3896.54 730.13 3896.54
518.458 3896.54 794.64 3711.85
730.13 3896.54 794.64 3767.12
730.13 3896.54 792.486 3959.08
979.44 3835.43 1002.29 3896.54
794.64 3711.85 979.44 3835.43
891.405 3896.54 1002.29 3896.54
1002.29 3896.54 1071.84 3943.05
794.64 3767.12 891.405 3896.54
797.332 3959.44 891.405 3896.54
794.64 3711.85 794.64 3767.12
579.399 4101.58 584.303 4131.09
584.303 4131.09 794.64 4271.75
579.399 4101.58 792.486 3959.08
792.486 3959.08 794.64 3960.04
1015.09 4507.62 1264.19 4271.64
797.332 3959.44 1264.19 4271.64
1264.19 4271.64 1308.65 4235.05
794.64 4271.75 1015.09 4507.62
794.64 3960.04 794.64 4271.75
794.64 3960.04 797.332 3959.44
793.206 2998.54 1071.84 3122.76
739.2 2940.75 793.206 2998.54
1239.24 2965.66 1260.53 3022.61
1210.61 3122.75 1260.53 3022.61
1145.76 2923.99 1239.24 2965.66
1145.76 2923.99 1145.76 3122.75
837.173 2648.85 1145.76 2923.99
1145.76 3122.75 1210.61 3122.75
1071.84 3254.75 1108.8 3267.11
1071.84 3122.76 1071.84 3254.75
1108.8 3267.11 1145.76 3254.75
1071.84 3122.76 1145.76 3122.75
1145.76 3122.75 1145.76 3254.75
1210.61 3122.75 1219.68 3131.85
1145.76 3254.75 1182.72 3267.11
3490.06 3998.87 3696 3930.01
3326.4 3634.33 3696 3782.63
3475.63 4056.76 3490.06 3998.87
3326.4 3852.94 3490.06 3998.87
2667.17 3523.35 2745.08 3419.15
2745.08 3419.15 2827.44 3432.92
2667.17 3523.35 2681.06 3569.78
2681.06 3569.78 2715.1 3615.32
3326.4 3612.56 3326.4 3634.33
3104.64 3375.28 3326.4 3612.56
3008.46 3426.74 3104.64 3375.28
2827.44 3432.92 2845.92 3426.74
2845.92 3426.74 3008.46 3426.74
2845.92 3158.25 2845.92 3426.74
2827.44 3432.92 2827.44 3540.2
2951.36 3579.47 3008.46 3426.74
2673.92 4358.42 2677.34 4379
2673.92 4358.42 2729.74 4350.12
2671.55 4355.11 2673.92 4358.42
2677.34 4379 3059.03 4676.78
2574.8 4836.12 2677.34 4379
2099.3 3710.68 2210.76 3859.75
1948.92 3571.44 2099.3 3710.68
2210.76 3859.75 2370.61 4195.7
2370.61 4195.7 2598.77 4303.4
2069.76 4396.88 2370.61 4195.7
2729.74 4350.12 3252.48 4000.56
2729.74 4350.12 3289.44 4303.34
3252.48 4000.56 3337.08 4283.43
3252.48 3951.81 3252.48 4000.56
3289.44 4303.34 3337.08 4283.43
3337.08 4283.43 3340.05 4283.42
3289.44 4303.34 3289.44 4522.7
3510.21 4364.7 3696 4380.23
3475.63 4056.76 3696 4204.12
3340.05 4283.42 3510.21 4364.7
3431.84 4574.33 3510.21 4364.7
3340.05 4283.42 3475.63 4056.76
3059.03 4676.78 3289.44 4522.7
3289.44 4522.7 3354.06 4652.35
3059.03 4676.78 3287.14 4920.85
3354.06 4652.35 3431.84 4574.33
3287.14 4920.85 3354.06 4652.35
2732.38 3673.08 2735.04 3675.45
2715.1 3615.32 2732.38 3673.08
2735.04 3675.45 2884.83 3675.45
2735.04 3675.45 2735.04 3847.78
2715.1 3615.32 2827.44 3540.2
2827.44 3540.2 2897.33 3633.67
2951.36 3579.47 3136.22 3703.09
2901.36 3703.09 3136.22 3703.09
3136.22 3703.09 3148.31 3705.79
2897.33 3633.67 2951.36 3579.47
2884.83 3675.45 2901.36 3703.09
2901.36 3703.09 2901.36 3736.56
2884.83 3675.45 2897.33 3633.67
2598.77 4303.4 2735.04 3847.78
2735.04 3847.78 2901.36 3736.56
2598.77 4303.4 2671.55 4355.11
2671.55 4355.11 2901.36 4047.75
2901.36 3736.56 2901.36 4047.75
2901.36 4047.75 3016.14 3951.81
2901.36 3736.56 3050.66 3836.4
2301.27 3067.49 2439.36 2975.14
2301.27 3067.49 2439.36 3067.49
2439.36 2975.14 2447.25 2959.3
2447.25 2959.3 2716.56 2899.27
2439.36 2975.14 2439.36 3067.49
2439.36 3067.49 2480.69 3122.76
1921.92 3354.98 2088.24 3188.14
1863.51 3465.64 1921.92 3354.98
2420.88 3150.39 2420.88 3273.29
2053.32 3519.08 2420.88 3273.29
2420.88 3273.29 2457.84 3260.93
2130.58 3150.39 2420.88 3150.39
2420.88 3150.39 2457.84 3138.03
2088.24 3188.14 2130.58 3150.39
1948.92 3571.44 2053.32 3519.08
1892.41 3538.1 1948.92 3571.44
2457.84 3260.93 2494.8 3260.93
2457.84 3138.03 2457.84 3260.93
2494.8 3260.93 2587.2 3230.04
2587.2 3230.04 2651.37 3122.76
2457.84 3138.03 2480.69 3122.76
2480.69 3122.76 2651.37 3122.76
2651.37 3122.76 2716.56 3079.16
1663.2 2210.8 1678.6 2236.55
1636.02 2350.45 1678.6 2236.55
2081.69 2293.71 2291.52 2293.71
2081.69 2293.71 2213.03 2469.36
1866.48 1492.29 1921.92 1473.75
1749.05 1492.29 1866.48 1492.29
1866.48 1492.29 1866.48 1599.91
1921.92 1473.75 1928.3 1467.35
1921.92 1473.75 1921.92 1562.84
1433.99 1443.81 1439.05 1382.84
1439.05 1382.84 1600.3 1239.07
1433.99 1443.81 1566.77 1519.93
1600.3 1239.07 1811.04 1274.3
1811.04 1274.3 1811.04 1409.39
1811.04 1274.3 1884.96 1261.94
1687.06 1519.93 1749.05 1492.29
1566.77 1519.93 1687.06 1519.93
1749.05 1492.29 1811.04 1409.39
1811.04 1409.39 1884.96 1409.38
2256.95 1382.84 2257.86 1393.89
2036.25 1186.06 2256.95 1382.84
2256.95 1382.84 2668.25 832.748
1928.3 1467.35 2257.86 1393.89
1884.96 1261.94 2036.25 1186.06
1884.96 1261.94 1884.96 1409.38
1884.96 1409.38 1928.3 1467.35
1357.12 1899.18 1663.2 2103.86
1225.06 1869.74 1357.12 1899.18
1410.8 2210.8 1663.2 2210.8
1404.48 2231.92 1410.8 2210.8
1375.41 2171.37 1410.8 2210.8
1663.2 2103.86 1663.2 2210.8
1663.2 2103.86 1700.93 2044.99
2420.88 2059.59 2473.12 1989.72
2310 2183.16 2420.88 2059.59
2420.88 2059.59 2420.88 2318.42
2203.49 1989.72 2473.12 1989.72
2473.12 1989.72 2556.42 1941.97
2106.72 2054.43 2106.72 2183.16
2106.72 2054.43 2203.49 1989.72
2092.61 2044.99 2106.72 2054.43
2106.72 2183.16 2310 2183.16
2310 2183.16 2310 2244.27
1848 4888.03 1848 5050.69
1755.6 5112.47 1848 5050.69
1848 5050.69 1940.4 5112.48
1626.24 4396.88 1626.24 4799.05
1626.24 4396.88 1848 4426.54
1360.05 4218.88 1626.24 4396.88
1626.24 4799.05 1848 4888.03
1570.8 4836.13 1626.24 4799.05
1848 4426.54 2069.76 4396.88
2069.76 4396.88 2069.76 4799.05
1848 4426.54 1848 4888.03
1848 4888.03 2069.76 4799.05
2069.76 4799.05 2125.2 4836.12
1570.8 5112.47 1755.6 5112.47
1940.4 5112.48 2125.2 5112.48
953.208 4991.6 997.92 4836.13
929.623 5212.41 953.208 4991.6
997.92 4836.13 1570.8 4836.13
929.623 5212.41 997.92 5495.57
997.92 5495.57 1570.8 5112.47
1570.8 4836.13 1570.8 5112.47
2125.2 4836.12 2574.8 4836.12
2574.8 4836.12 2670.68 5477.24
2125.2 4836.12 2125.2 5112.48
2125.2 5112.48 2670.68 5477.24
1071.84 3709.27 1071.84 3943.05
1071.84 3709.27 1145.76 3684.55
1071.84 3943.05 1145.76 4017.19
1145.76 4017.19 1308.65 4235.05
1308.65 4235.05 1360.05 4218.88
1145.76 3684.55 1145.76 4017.19
1360.05 4218.88 1504.58 3970.33
1145.76 3657.26 1194.38 3559.72
1194.38 3559.72 1256.64 3531.96
1145.76 3657.26 1145.76 3684.55
1145.76 3684.55 1256.64 3721.63
1642.28 3396.05 1738.49 3388.01
1738.49 3388.01 1863.51 3465.64
1421.74 3445.21 1642.28 3396.05
1266.76 3522.93 1421.74 3445.21
1863.51 3465.64 1892.41 3538.1
1504.58 3970.33 1892.41 3538.1
1256.64 3531.96 1266.76 3522.93
1256.64 3531.96 1256.64 3721.63
1256.64 3721.63 1504.58 3970.33
2556.42 1941.97 2565.99 1925.98
2565.99 1925.98 2882.88 1973.07
2556.42 1941.97 2624.05 2348.98
2882.88 1973.07 3012.24 2011.52
3012.24 2011.52 3012.24 2250.11
2698 2460.25 3012.24 2250.11
2845.92 3158.25 3067.68 3217.57
2735.04 3098.93 2845.92 3158.25
3067.68 2921.45 3067.68 3217.57
2890.54 2826.68 3067.68 2921.45
2716.56 3079.16 2735.04 3098.93
2716.56 2899.27 2716.56 3079.16
2748.52 2799.55 2890.54 2826.68
2716.56 2899.27 2748.52 2799.55
2735.04 2763.5 2748.52 2799.55
3252.48 3951.81 3326.4 3852.94
3326.4 3634.33 3326.4 3852.94
3016.14 3951.81 3252.48 3951.81
3148.31 3705.79 3326.4 3634.33
3050.66 3836.4 3148.31 3705.79
3016.14 3951.81 3050.66 3836.4
1864.3 1602.83 1866.48 1599.91
1864.3 1602.83 1884.96 1630.46
1866.48 1599.91 1921.92 1562.84
1921.92 1562.84 1940.4 1575.2
1940.4 1575.2 2150.46 1575.19
2100.87 1630.47 2150.46 1575.19
1940.4 1575.2 1940.4 1630.47
1884.96 1685.73 1905.62 1713.37
1884.96 1630.46 1884.96 1685.73
1905.62 1713.37 1940.4 1713.37
1884.96 1630.46 1940.4 1630.46
1940.4 1713.37 2032.8 1744.26
2032.8 1744.26 2100.87 1630.47
1940.4 1630.46 1940.4 1713.37
1940.4 1630.47 2100.87 1630.47
1404.48 2231.92 1404.48 2311.9
1293.6 2306.06 1404.48 2231.92
1293.6 2386.05 1404.48 2311.9
1404.48 2311.9 1453.1 2409.44
2310 2244.27 2420.88 2318.42
2420.88 2318.42 2443.73 2348.98
2291.52 2293.71 2310 2244.27
2291.52 2293.71 2291.52 2311.9
2213.03 2469.36 2291.52 2311.9
2213.03 2469.36 2217.6 2490.75
2291.52 2311.9 2388.29 2376.61
950.255 2121.74 1036.55 1948.61
1036.55 1948.61 1193.1 1843.92
917.049 2266.07 950.255 2121.74
1193.1 1843.92 1219.68 1866.14
835.529 2648.68 837.173 2648.85
837.173 2648.85 1105.45 2612.97
822.315 2471.96 835.529 2648.68
739.2 2745.3 835.529 2648.68
917.049 2266.07 1199.02 2266.07
1199.02 2266.07 1219.68 2238.43
1199.02 2266.07 1219.68 2293.71
822.315 2471.96 917.049 2266.07
1219.68 1866.14 1225.06 1869.74
1225.06 1869.74 1375.41 2171.37
1219.68 1866.14 1219.68 2238.43
1219.68 2238.43 1275.12 2238.43
1275.12 2238.43 1375.41 2171.37
1275.12 2238.43 1275.12 2293.71
1275.12 2293.71 1293.6 2306.06
1219.68 2293.71 1275.12 2293.71
1293.6 2306.06 1293.6 2386.05
1219.68 2293.71 1219.68 2503.11
1247.71 2478.12 1293.6 2386.05
0 3260.93 332.64 3260.93
0 2970.88 332.64 2881.9
0 3122.76 332.64 3122.76
614.05 2731.36 739.2 2745.3
332.64 2881.9 614.05 2731.36
739.2 2745.3 739.2 2940.75
625.798 3122.75 739.2 2940.75
332.64 2881.9 332.64 3122.75
332.64 3260.93 554.4 3409.22
554.4 3409.22 625.798 3122.75
332.64 3122.76 332.64 3260.93
332.64 3122.75 625.798 3122.75
2668.25 832.748 2717.07 914.363
2651.15 546.911 2668.25 832.748
2717.07 914.363 3215.52 1081.02
3215.52 1081.02 3282.48 969.088
2534.32 0 2651.15 546.911
2651.15 546.911 3282.48 969.088
3282.48 969.088 3344.88 952.396
3344.88 875.562 3344.88 952.396
2690.22 0 3344.88 875.562
3344.88 875.562 3415.27 734.347
3529.68 810.854 3614.14 726.13
3396.97 0 3614.14 726.13
3415.27 734.347 3529.68 810.854
3195.64 0 3415.27 734.347
2217.6 2490.75 2388.29 2376.61
2217.6 2490.75 2217.6 2542.42
2388.29 2376.61 2402.4 2376.61
2624.05 2348.98 2698 2460.25
2689.22 2542.42 2698 2460.25
2443.73 2348.98 2624.05 2348.98
2402.4 2376.61 2443.73 2348.98
2402.4 2376.61 2402.4 2542.42
2190.16 2588.02 2203.49 2561.3
2203.49 2561.3 2217.6 2542.42
2190.16 2588.02 2310 2708.23
2217.6 2542.42 2402.4 2542.42
2310 2708.23 2402.4 2708.23
2735.04 2685.4 2735.04 2763.5
2485.05 2763.5 2735.04 2763.5
2689.22 2542.42 2735.04 2685.4
2402.4 2708.23 2485.05 2763.5
2402.4 2542.42 2402.4 2708.23
2402.4 2542.42 2689.22 2542.42
1247.71 2478.12 1453.1 2409.44
1453.1 2409.44 1478.4 2420.72
1219.68 2503.11 1247.71 2478.12
1169.62 2570.06 1219.68 2503.11
1636.02 2350.45 1681.68 2533.66
1681.68 2533.66 1681.68 2570.05
1478.4 2420.72 1636.02 2350.45
1478.4 2420.72 1478.4 2570.05
1275.12 2726.43 1312.49 2745.17
1105.45 2612.97 1275.12 2726.43
1312.49 2745.17 1478.4 2689.69
1105.45 2612.97 1169.62 2570.06
1169.62 2570.06 1478.4 2570.06
1718.3 2708.23 1749.91 2676.52
1681.68 2570.05 1749.91 2676.52
1496.88 2708.23 1718.3 2708.23
1478.4 2570.05 1681.68 2570.05
1478.4 2689.69 1496.88 2708.23
1478.4 2570.06 1478.4 2689.69
1921.92 1857.38 1940.4 1882.1
1903.44 1882.1 1921.92 1857.38
1940.4 1882.1 1940.4 1962.09
1940.4 1882.1 2018.69 1934.45
1903.44 1882.1 1903.44 1962.08
1825.15 1934.45 1903.44 1882.1
1903.44 1962.08 1940.4 1962.09
1884.96 1974.44 1903.44 1962.08
1940.4 1962.09 1958.88 1974.44
1921.92 2122.06 1940.4 2097.34
1903.44 2097.34 1921.92 2122.06
1940.4 2017.35 1940.4 2097.34
1940.4 2097.34 2018.69 2044.99
1903.44 2017.35 1903.44 2097.34
1825.15 2044.99 1903.44 2097.34
1903.44 2017.35 1940.4 2017.35
1884.96 2005 1903.44 2017.35
1940.4 2017.35 1958.88 2005
1700.93 2044.99 1724.54 1934.45
1724.54 1934.45 1825.15 1934.45
1700.93 2044.99 1825.15 2044.99
1825.15 2044.99 1884.96 2005
1825.15 1934.45 1884.96 1974.44
1884.96 1974.44 1884.96 2005
2018.69 1934.45 2037.5 1934.45
2037.5 1934.45 2092.61 2044.99
1958.88 1974.44 2018.69 1934.45
2018.69 2044.99 2092.61 2044.99
1958.88 2005 2018.69 2044.99
1958.88 1974.44 1958.88 2005
