3088.45 0 3696 947.991
1482.93 508.007 1663.09 1050.13
1663.09 1050.13 1999.29 1050.13
1553.3 1380.5 1663.09 1050.13
1016.4 590.107 1482.93 508.007
1482.93 508.007 2263.58 78.0987
904.973 668.542 1016.4 590.107
1999.29 1050.13 2263.58 78.0987
1999.29 1050.13 2075.55 1330.61
2263.58 78.0987 2352.34 0
2657.13 0 2710.07 292.092
904.973 668.542 1462.93 1414.78
860.42 680.955 904.973 668.542
1553.3 1380.5 2075.55 1330.61
1517.9 1406.8 1553.3 1380.5
2075.55 1330.61 2178.1 1406.8
1206.64 1671.86 1462.93 1414.78
1189.51 1889.57 1206.64 1671.86
909.885 1473.41 1206.64 1671.86
1462.93 1414.78 1511.85 1409.75
1189.51 1889.57 1246.97 1923.73
1083.59 1967.48 1189.51 1889.57
2184.15 1409.75 2233.07 1414.78
2233.07 1414.78 2677.13 820.877
2233.07 1414.78 2366.11 1548.23
1246.97 1923.73 1275.12 1951.97
1275.12 1951.97 1275.12 2542.25
1275.12 1951.97 1443.35 2101.96
1246.97 1923.73 1663.2 1830.95
1811.04 2447.16 1921.92 2521.3
1811.04 2266.07 1811.04 2447.16
1624.57 2571.86 1811.04 2447.16
1921.92 2521.3 1958.88 2397.73
1958.88 2282.55 1958.88 2397.73
1958.88 2397.73 2214.39 2568.59
1921.92 2521.3 1921.92 2692.95
1921.92 2692.95 1921.92 3410.59
1921.92 2692.95 2077.98 2678.04
1734.82 2675.08 1921.92 2692.95
2032.8 1774.48 2083.47 1842.24
2017.85 1973.88 2083.47 1842.24
2083.47 1842.24 2135.79 1853.9
1714.69 1888.34 1736.35 1989.72
1736.35 1989.72 1802.31 1989.72
1630.11 2155.49 1736.35 1989.72
1811.04 2266.07 1921.92 2266.07
1678.6 2236.55 1811.04 2266.07
1921.92 2266.07 1958.88 2282.55
1958.88 2282.55 2047.12 2262.88
1921.92 2069.71 1921.92 2266.07
1511.85 1409.75 1517.9 1406.8
1517.9 1406.8 1811.04 1602.83
1511.85 1409.75 1663.2 1713.37
1811.04 1602.83 1884.96 1602.83
1811.04 1602.83 1811.04 1685.74
2178.1 1406.8 2184.15 1409.75
1884.96 1602.83 2178.1 1406.8
2032.8 1713.37 2184.15 1409.75
1884.96 1602.83 1884.96 1685.73
1663.2 1830.95 1714.69 1888.34
1663.2 1713.37 1663.2 1830.95
1714.69 1888.34 1848 1799.19
1663.2 1713.37 1790.38 1713.37
2032.8 1713.37 2032.8 1774.48
1921.92 1848.63 2032.8 1774.48
1905.62 1713.37 2032.8 1713.37
1848 1799.19 1921.92 1848.63
1921.92 1848.63 1921.92 1909.73
1848 1790.44 1848 1799.19
1790.38 1713.37 1811.04 1685.74
1811.04 1685.74 1884.96 1685.73
1790.38 1713.37 1848 1790.44
1884.96 1685.73 1905.62 1713.37
1848 1790.44 1905.62 1713.37
2017.85 1973.88 2025.74 2000.28
1921.92 1909.73 2017.85 1973.88
1921.92 2069.71 2025.74 2000.28
2025.74 2000.28 2170.89 2097.34
1802.31 1989.72 1921.92 1909.73
1802.31 1989.72 1921.92 2069.71
979.44 3678.37 1375.23 3810.71
1071.84 3607.83 1375.23 3810.71
1375.23 3810.71 1485.24 3859.75
2320.77 3810.71 2681.06 3569.78
2320.77 3810.71 2735.04 3672.2
2210.76 3859.75 2320.77 3810.71
1127.28 3429.66 1449.15 3644.9
1071.84 3518.74 1449.15 3644.9
1449.15 3644.9 1596.7 3710.68
2246.85 3644.9 2531.76 3454.38
2246.85 3644.9 2633.09 3515.76
2099.3 3710.68 2246.85 3644.9
1681.68 3299.37 1771.29 3439.19
1219.68 3254.75 1771.29 3439.19
1771.29 3439.19 1826.75 3508.73
1904.25 3446.03 1921.92 3410.59
1921.92 3410.59 2041.59 3277.21
1904.25 3446.03 2494.8 3248.57
1866.22 3506.44 1904.25 3446.03
2041.59 3277.21 2088.24 3207.02
2041.59 3277.21 2642.23 3076.38
1189.56 2998.88 1275.12 2941.67
1275.12 2695.19 1275.12 2941.67
1275.12 2941.67 1386 2904.59
1105.51 3012.94 1189.56 2998.88
1189.56 2998.88 1533.33 3113.83
2420.88 2941.67 2506.44 2998.88
2420.88 2806.41 2420.88 2941.67
2365.44 2923.13 2420.88 2941.67
2156.34 3115.94 2506.44 2998.88
2506.44 2998.88 2683.2 3028.43
1662.18 3279.81 1681.68 3299.37
1681.68 2781.7 1681.68 3299.37
1219.68 3131.85 1662.18 3279.81
1552.32 3132.87 1662.18 3279.81
2088.24 3207.02 2156.34 3115.94
2088.24 2695.19 2088.24 3207.02
2156.34 3115.94 2199.12 3015.82
873.635 2494.61 883.892 2570.05
755.957 2779.18 883.892 2570.05
883.892 2570.05 1200.27 2570.05
840.331 1519.92 909.885 1473.41
759.227 868.926 909.885 1473.41
813.12 1565.42 840.331 1519.92
748.27 1630.47 813.12 1565.42
813.12 1565.42 813.12 1741.01
498.96 1519.92 840.331 1519.92
498.96 1074.62 498.96 1519.92
498.96 1519.92 498.96 1628.06
0 1519.92 498.96 1519.92
504.344 1630.46 748.27 1630.47
693.17 1741.01 748.27 1630.47
498.96 1628.06 504.344 1630.46
305.406 1930.08 498.96 1628.06
504.344 1630.46 683.76 1750.44
693.17 1741.01 813.12 1741.01
813.12 1741.01 939.113 1909.51
683.76 1750.44 693.17 1741.01
683.76 1750.44 683.76 1786.84
267.337 1959.17 305.406 1930.08
267.337 1959.17 414.138 2122.78
0 1931.67 267.337 1959.17
305.406 1930.08 588.071 1882.82
939.113 1909.51 1083.59 1967.48
952.735 2212.5 1083.59 1967.48
843.241 1893.48 939.113 1909.51
414.138 2122.78 415.954 2126.12
415.954 2126.12 425.04 2134.63
259.712 2544.05 415.954 2126.12
414.138 2122.78 683.76 2032.63
425.04 2134.63 873.635 2494.61
425.04 2134.63 425.04 2623.02
873.635 2494.61 952.735 2212.5
683.76 2032.63 952.735 2212.5
683.76 1946.81 683.76 2032.63
588.071 1882.82 683.76 1786.84
683.76 1786.84 843.241 1893.48
588.071 1882.82 683.76 1946.81
683.76 1946.81 843.241 1893.48
259.712 2544.05 425.04 2623.02
0 2522.34 259.712 2544.05
425.04 2623.02 729.908 2797.76
0 3074.45 554.4 3000.3
554.4 3000.3 554.4 3475.49
554.4 3000.3 710.718 2833.05
0 3746.77 35.8191 3748.27
35.8191 3748.27 346.347 4163.58
35.8191 3748.27 267.842 3715.02
759.227 868.926 860.42 680.955
498.96 1074.62 759.227 868.926
0 1195.95 498.96 1074.62
2677.13 820.877 2710.07 292.092
2710.07 292.092 3498.73 1241.39
2677.13 820.877 2724.16 930.949
2794.29 2952.91 2845.92 2980.53
2845.92 2980.53 2846.27 2980.67
2845.92 2980.53 2845.92 3426.74
2785.04 2897.24 2794.29 2952.91
2735.04 3002.44 2794.29 2952.91
2848.89 1431.43 2882.88 1444.06
2882.88 1444.06 3199.53 1514.64
2882.88 1444.06 2882.88 2098.02
2724.16 930.949 2848.89 1431.43
2512.06 1656.68 2848.89 1431.43
2724.16 930.949 3350.95 1350.1
2785.04 2897.24 3335.51 2529.13
2685.04 2629.76 2785.04 2897.24
2366.11 1548.23 2512.06 1656.68
2512.06 1656.68 2546.35 1851.54
2139.31 1851.54 2366.11 1548.23
2546.35 1851.54 2568.4 1935.11
2420.88 2019.66 2568.4 1935.11
2568.4 1935.11 2838.82 2134.03
2139.31 1851.54 2546.35 1851.54
2420.88 2019.66 2420.88 2517.53
2310 2072.62 2420.88 2019.66
2135.79 1853.9 2139.31 1851.54
2135.79 1853.9 2244.81 2072.62
3498.73 1241.39 3696 1223.8
3350.95 1350.1 3498.73 1241.39
3199.53 1514.64 3350.95 1350.1
3199.53 1514.64 3232.22 1864.41
2838.82 2134.03 2882.88 2098.02
2882.88 2098.02 3232.22 1864.41
2838.82 2134.03 2849.1 2285.18
2849.1 2285.18 3335.51 2529.13
2672.61 2554.94 2849.1 2285.18
3335.51 2529.13 3696 2625.56
3232.22 1864.41 3696 2081.51
2846.27 2980.67 3696 2753.38
2846.27 2980.67 3178.27 3335.89
3455.41 3410.03 3696 3313.5
0 3820.34 258.72 4339.38
346.347 4163.58 488.374 4195.24
258.72 4339.38 346.347 4163.58
412.41 4449.23 488.374 4195.24
488.374 4195.24 589.206 4127.81
258.72 4339.38 258.72 4435.11
258.72 4435.11 295.68 4449.24
0 4484.54 258.72 4435.11
412.41 4449.23 506.557 4501.7
413.378 4750.94 506.557 4501.7
506.557 4501.7 997.92 4548.64
295.68 4449.24 412.41 4449.23
295.68 4449.24 295.68 4790.29
267.842 3715.02 554.4 3475.49
554.4 3475.49 647.818 3506.73
267.842 3715.02 503.668 3899.01
979.44 3678.37 979.44 3881.26
977.257 3675.45 979.44 3678.37
503.668 3899.01 589.206 4127.81
589.206 4127.81 794.64 4219.4
503.668 3899.01 699.891 3866.2
794.64 3961.24 794.64 4219.4
794.64 4219.4 1034.88 4460.37
927.289 3872.54 979.44 3881.26
979.44 3881.26 1355.39 4132.66
794.64 3739.48 927.289 3872.54
699.891 3866.2 794.64 3739.48
794.64 3675.46 794.64 3739.48
794.64 3961.24 927.289 3872.54
699.891 3866.2 794.64 3961.24
647.818 3506.73 850.08 3371.47
850.08 3112.64 850.08 3371.47
850.08 3371.47 979.44 3371.47
647.818 3506.73 715.518 3552
1065.46 3512.34 1127.28 3429.66
1127.28 3383.83 1127.28 3429.66
794.64 3675.46 977.257 3675.45
977.257 3675.45 979.44 3669.62
715.518 3552 794.64 3675.46
715.518 3552 979.44 3493.17
1065.46 3512.34 1071.84 3518.74
1071.84 3518.74 1071.84 3607.83
979.44 3493.17 1065.46 3512.34
979.44 3669.62 1071.84 3607.83
979.44 3493.17 979.44 3669.62
979.44 3371.47 979.44 3493.17
710.718 2833.05 850.08 3112.64
850.08 3112.64 979.44 3285.65
755.957 2779.18 1105.51 3012.94
1105.51 3012.94 1108.8 3020.63
729.908 2797.76 755.957 2779.18
710.718 2833.05 729.908 2797.76
1219.68 3131.85 1219.68 3254.75
1182.72 3267.11 1219.68 3254.75
1108.8 3020.63 1219.68 3131.85
1108.8 3020.63 1108.8 3242.39
979.44 3285.65 979.44 3371.47
979.44 3371.47 1108.8 3371.47
979.44 3285.65 1108.8 3242.39
1127.28 3383.83 1182.72 3365.29
1182.72 3267.11 1182.72 3365.29
1182.72 3365.29 1760.93 3558.62
1108.8 3371.47 1127.28 3383.83
1108.8 3242.39 1108.8 3371.47
1108.8 3242.39 1182.72 3267.11
1200.27 2570.05 1275.12 2695.19
1275.12 2695.19 1386 2843.49
1200.27 2570.05 1275.12 2542.25
1275.12 2542.25 1315.23 2530.33
1681.68 2781.7 1734.82 2675.08
1624.57 2571.86 1734.82 2675.08
1552.32 2824.95 1681.68 2781.7
1567.51 2533.7 1624.57 2571.86
1386 2843.49 1386 2904.59
1386 2904.59 1496.88 3052.89
1386 2843.49 1496.88 2806.41
1496.88 2545.51 1496.88 2806.41
1533.33 3113.83 1552.32 3132.87
1496.88 3052.89 1533.33 3113.83
1552.32 2824.95 1552.32 3132.87
1496.88 2806.41 1496.88 3052.89
1496.88 2806.41 1552.32 2824.95
1443.35 2101.96 1630.11 2155.49
1315.23 2530.33 1443.35 2101.96
1630.11 2155.49 1678.6 2236.55
1567.51 2533.7 1678.6 2236.55
1315.23 2530.33 1496.88 2545.51
1496.88 2545.51 1567.51 2533.7
3490.06 3998.87 3696 3930.01
3419.14 4283.42 3490.06 3998.87
3257.25 3791.29 3490.06 3998.87
3252.48 4272.44 3289.44 4283.42
3252.48 3797.67 3252.48 4272.44
2673.92 4358.42 3252.48 4272.44
3419.14 4283.42 3521.42 4334.72
3314.74 4887.56 3521.42 4334.72
3289.44 4283.42 3419.14 4283.42
3289.44 4283.42 3289.44 4856.54
2681.06 3569.78 2745.08 3655.41
2667.17 3523.35 2681.06 3569.78
3178.27 3335.89 3455.41 3410.03
3269.74 3732.85 3455.41 3410.03
3008.46 3426.74 3178.27 3335.89
2735.04 3672.2 2745.08 3655.41
2735.04 3672.2 2735.04 4185.71
2745.08 3655.41 2827.44 3641.64
2735.04 4185.71 2901.36 3985.51
2652.71 4328.86 2735.04 4185.71
3252.48 3797.67 3257.25 3791.29
3257.25 3791.29 3269.74 3732.85
2901.36 3985.51 3252.48 3797.67
2922.92 3655.54 3269.74 3732.85
2901.36 3666.36 2901.36 3985.51
2827.44 3432.92 2845.92 3426.74
2845.92 3426.74 3008.46 3426.74
2827.44 3432.92 2827.44 3641.64
2745.08 3419.15 2827.44 3432.92
2922.92 3655.54 3008.46 3426.74
2827.44 3641.64 2901.36 3666.36
2901.36 3666.36 2922.92 3655.54
2494.8 3248.57 2494.8 3371.47
2494.8 3371.47 2531.76 3371.47
1935.07 3558.62 2494.8 3371.47
2494.8 3248.57 2587.2 3186.78
2683.2 3028.43 2735.04 3002.44
2735.04 3002.44 2735.04 3402.36
2642.23 3076.38 2683.2 3028.43
2587.2 3186.78 2642.23 3076.38
2587.2 3186.78 2587.2 3352.93
2531.76 3371.47 2531.76 3454.38
2531.76 3454.38 2587.2 3454.38
2531.76 3371.47 2587.2 3352.93
2633.09 3515.76 2667.17 3523.35
2587.2 3454.38 2633.09 3515.76
2667.17 3523.35 2745.08 3419.15
2735.04 3402.36 2745.08 3419.15
2587.2 3352.93 2735.04 3402.36
2587.2 3352.93 2587.2 3454.38
2077.98 2678.04 2214.39 2568.59
2214.39 2568.59 2310 2515.3
2077.98 2678.04 2088.24 2695.19
2088.24 2695.19 2199.12 2843.49
2672.61 2554.94 2685.04 2629.76
2420.88 2806.41 2685.04 2629.76
2420.88 2517.53 2672.61 2554.94
2365.44 2824.95 2420.88 2806.41
2316.22 2509.76 2420.88 2517.53
2310 2515.3 2316.22 2509.76
2310 2497.27 2316.22 2509.76
2310 2515.3 2310 2806.41
2199.12 2843.49 2199.12 3015.82
2199.12 3015.82 2310 2941.67
2199.12 2843.49 2310 2806.41
2310 2941.67 2365.44 2923.13
2365.44 2824.95 2365.44 2923.13
2310 2806.41 2310 2941.67
2310 2806.41 2365.44 2824.95
2047.12 2262.88 2170.89 2097.34
2170.89 2097.34 2244.81 2072.62
2047.12 2262.88 2310 2497.27
2310 2072.62 2310 2497.27
2244.81 2072.62 2310 2072.62
295.68 4790.29 413.378 4750.94
413.378 4750.94 997.92 5011.54
277.03 4809 295.68 4790.29
0 4531.12 277.03 4809
211.378 5006.56 277.03 4809
211.378 5006.56 1034.94 5242.59
997.92 4548.64 1034.88 4460.37
997.92 4548.64 997.92 5011.54
1034.88 4460.37 1342.53 4207.16
997.92 5011.54 1034.94 5242.59
1034.94 5242.59 1090.32 5357.39
2652.71 4328.86 2673.92 4358.42
2370.61 4195.7 2652.71 4328.86
2673.92 4358.42 2677.34 4379
3289.44 4856.54 3314.74 4887.56
2677.34 4379 3289.44 4856.54
2477.16 5271.45 2677.34 4379
1090.32 5357.39 1848 4850.72
1848 4850.72 2477.16 5271.45
1848 4545.18 1848 4850.72
1935.07 3558.62 2099.3 3710.68
2099.3 3710.68 2210.76 3859.75
1596.7 3710.68 1760.93 3558.62
1485.24 3859.75 1596.7 3710.68
1826.75 3508.73 1866.22 3506.44
1760.93 3558.62 1826.75 3508.73
1866.22 3506.44 1935.07 3558.62
1355.39 4132.66 1485.24 3859.75
1342.53 4207.16 1355.39 4132.66
1342.53 4207.16 1848 4545.18
2210.76 3859.75 2370.61 4195.7
1848 4545.18 2370.61 4195.7
