1047.03 748.063 2405.39 0
2564.05 0 2572.66 126.69
2559.95 1928.9 2864.4 2152.84
2864.4 1362.2 2864.4 2152.84
2864.4 2152.84 2975.79 2242.23
1203.01 1879.64 1275.12 1951.97
1275.12 1951.97 1275.12 2542.25
1275.12 1951.97 1443.35 2101.96
1203.01 1879.64 1303.57 1543.42
1083.59 1967.48 1203.01 1879.64
1736.35 1989.72 1921.92 1989.72
1700.93 1823.91 1736.35 1989.72
1630.11 2155.49 1736.35 1989.72
1921.92 2290.79 1921.92 2373.01
1921.92 2290.79 2047.12 2262.88
1921.92 1989.72 1921.92 2290.79
1678.6 2236.55 1921.92 2290.79
1921.92 1989.72 2009.95 1989.72
2009.95 1989.72 2097.42 1814.24
2009.95 1989.72 2170.89 2097.34
1921.92 1823.91 1921.92 1989.72
1293.33 1372.29 1487.91 1386.75
1293.33 1372.29 1303.57 1543.42
1228.82 1260.13 1293.33 1372.29
1487.91 1386.75 1811.04 1602.83
1487.91 1386.75 2315.46 1307.69
1811.04 1602.83 1884.96 1602.83
1811.04 1602.83 1811.04 1713.37
1303.57 1543.42 1684.37 1798.08
1884.96 1602.83 1884.96 1713.37
1884.96 1602.83 2304.62 1322.2
1684.37 1798.08 1811.04 1713.37
1811.04 1713.37 1884.96 1713.37
1684.37 1798.08 1700.93 1823.91
1700.93 1823.91 1921.92 1823.91
1884.96 1713.37 1964.7 1766.69
1921.92 1823.91 1964.7 1766.69
1964.7 1766.69 2076.27 1729.39
1921.92 2373.01 2214.39 2568.59
1921.92 2373.01 1921.92 2692.95
1599.03 2588.93 1921.92 2373.01
1921.92 2692.95 1921.92 3410.59
1921.92 2692.95 2077.98 2678.04
1681.68 2670 1921.92 2692.95
2420.88 1998.65 2559.95 1928.9
2437.5 1232.88 2559.95 1928.9
2322.33 2039.84 2420.88 1998.65
2420.88 1998.65 2420.88 2542.25
2097.42 1814.24 2322.33 2039.84
2310 2050.83 2322.33 2039.84
2315.46 1307.69 2437.5 1232.88
2437.5 1232.88 2460.28 1190.23
2304.62 1322.2 2315.46 1307.69
2076.27 1729.39 2304.62 1322.2
2076.27 1729.39 2097.42 1814.24
1375.23 3810.71 1848 4021.48
979.44 3678.37 1375.23 3810.71
973.619 3542.15 1375.23 3810.71
1848 4021.48 2320.77 3810.71
1848 4021.48 1848 4462.08
1848 3822.71 1848 4021.48
2320.77 3810.71 2681.06 3569.78
2320.77 3810.71 2735.04 3672.2
1035.96 3368.59 1449.15 3644.9
1034.11 3371.47 1035.96 3368.59
1035.96 3368.59 1037.79 3363.69
1449.15 3644.9 1848 3822.71
1007.26 3497.15 1449.15 3644.9
1848 3822.71 2246.85 3644.9
1848 3587.73 1848 3822.71
2246.85 3644.9 2662.01 3506.09
2246.85 3644.9 2655.74 3371.47
1848 3535.37 1848 3587.73
1771.29 3439.19 1848 3535.37
1848 3535.37 1904.25 3446.03
1848 3587.73 2494.8 3371.47
1084.5 3332.45 1848 3587.73
1681.68 3299.37 1771.29 3439.19
1145.76 3230.04 1771.29 3439.19
1904.25 3446.03 1921.92 3410.59
1921.92 3410.59 2041.59 3277.21
1904.25 3446.03 2494.8 3248.57
2041.59 3277.21 2088.24 3207.02
2041.59 3277.21 2642.13 3076.41
1146.78 2984.58 1539.66 3115.94
1093.4 2984.58 1146.78 2984.58
1146.78 2984.58 1422.55 2892.37
2156.34 3115.94 2549.22 2984.58
2549.22 2984.58 2587.2 2984.58
2273.45 2892.37 2549.22 2984.58
1681.68 2670 1681.68 3299.37
1643.12 2647.9 1681.68 2670
1662.18 3279.81 1681.68 3299.37
1539.66 3115.94 1662.18 3279.81
1145.76 3107.14 1662.18 3279.81
1450.03 2906.15 1539.66 3115.94
2088.24 3207.02 2156.34 3115.94
2088.24 2695.19 2088.24 3207.02
2156.34 3115.94 2245.97 2906.15
57.2932 3085.49 415.954 2126.12
0 3117.42 57.2932 3085.49
57.2932 3085.49 698.295 2808.13
860.31 2542.13 867.167 2594.86
783.986 2743.19 867.167 2594.86
867.167 2594.86 1185.62 2575.5
0 1519.92 489.777 1519.92
0 1931.67 267.337 1959.17
1178.17 1050.13 1228.82 1260.13
1047.03 748.063 1178.17 1050.13
1178.17 1050.13 2454.3 1050.13
881.656 1492.29 1228.82 1260.13
498.96 508.426 1047.03 748.063
498.96 508.426 498.96 1492.29
831.6 1548.08 881.656 1492.29
770.194 1602.83 831.6 1548.08
831.6 1548.08 831.6 1765.72
498.96 1492.29 881.656 1492.29
489.777 1519.92 498.96 1492.29
489.777 1519.92 503.552 1602.83
503.552 1602.83 770.194 1602.83
733.758 1700.29 770.194 1602.83
499.498 1627.22 503.552 1602.83
499.498 1627.22 683.76 1750.44
305.406 1930.08 499.498 1627.22
733.758 1700.29 831.6 1765.72
831.6 1765.72 939.113 1909.51
683.76 1750.44 733.758 1700.29
683.76 1750.44 683.76 1866.82
267.337 1959.17 305.406 1930.08
267.337 1959.17 414.138 2122.78
305.406 1930.08 683.76 1866.82
939.113 1909.51 1083.59 1967.48
952.735 2212.5 1083.59 1967.48
683.76 1866.82 939.113 1909.51
683.76 1866.82 683.76 2032.63
414.138 2122.78 415.954 2126.12
415.954 2126.12 860.31 2542.13
414.138 2122.78 683.76 2032.63
860.31 2542.13 952.735 2212.5
683.76 2032.63 952.735 2212.5
211.378 5006.56 277.03 4809
211.378 5006.56 1925.2 5497.73
2454.3 1050.13 2460.28 1190.23
2454.3 1050.13 2572.66 126.69
2460.28 1190.23 2864.4 1362.2
2572.66 126.69 3696 1478.84
2864.4 1362.2 3696 1665.53
2817.21 2454.32 2975.79 2242.23
2975.79 2242.23 3070.77 2222.17
3088.45 0 3696 947.991
2587.2 2984.58 2642.13 3076.41
2587.2 2580.17 2587.2 2984.58
2642.13 3076.41 2670.76 3105.13
2670.76 3105.13 2845.92 3090.49
2661.12 3137.35 2670.76 3105.13
2845.92 3090.49 3014.56 3048.2
2845.92 3090.49 2845.92 3436.01
2817.21 2454.32 3014.56 3048.2
3014.56 3048.2 3297.83 3161.85
2587.2 2580.17 2817.21 2454.32
2510.38 2575.5 2587.2 2580.17
3070.77 2222.17 3696 1877.85
3070.77 2222.17 3407.45 3122.76
3297.83 3161.85 3407.45 3122.76
3215.52 3315.97 3297.83 3161.85
3407.45 3122.76 3696 3122.76
332.413 4421.03 350.582 4287.39
0 3740.36 350.582 4287.39
350.582 4287.39 657.684 4082.02
0 4531.12 277.03 4809
277.03 4809 359.056 4726.72
0 4484.54 332.413 4421.03
332.413 4421.03 402.968 4491.8
359.056 4726.72 402.968 4491.8
402.968 4491.8 1136.03 4561.83
359.056 4726.72 1916 5420.83
3385.97 3880.92 3696 3765.74
3338.78 4259.62 3385.97 3880.92
3215.52 3781.19 3385.97 3880.92
1925.2 5497.73 1932.49 5527
1916 5420.83 1925.2 5497.73
2851.96 5527 3347.86 4642.68
1886.95 4948.11 1916 5420.83
2632.14 4364.63 3338.78 4259.62
1901.12 4888.38 2632.14 4364.63
2632.14 4364.63 2735.04 4185.71
3338.78 4259.62 3408.56 4317.95
3408.56 4317.95 3696 4360.66
3347.86 4642.68 3696 4642.68
3347.86 4642.68 3408.56 4317.95
0 3290.12 647.818 3506.73
0 3506.06 640.061 4005.42
979.44 3678.37 979.44 3881.26
914.519 3591.55 979.44 3678.37
1848 4462.08 1901.12 4888.38
979.44 3881.26 1848 4462.08
1136.03 4561.83 1886.95 4948.11
657.684 4082.02 1136.03 4561.83
1886.95 4948.11 1901.12 4888.38
640.061 4005.42 657.684 4082.02
640.061 4005.42 794.64 3850.36
794.64 3850.36 979.44 3881.26
794.64 3604.91 794.64 3850.36
2686.13 3409.29 2845.92 3436.01
2845.92 3436.01 2920.87 3473.6
2662.01 3506.09 2681.06 3569.78
2681.06 3569.78 2745.08 3655.41
2662.01 3506.09 2686.13 3409.29
2661.12 3370.27 2686.13 3409.29
2920.87 3473.6 3215.52 3315.97
3215.52 3315.97 3215.52 3781.19
2887.1 3631.67 2920.87 3473.6
3033.1 3826.94 3215.52 3781.19
2735.04 3672.2 2745.08 3655.41
2735.04 3672.2 2735.04 4185.71
2745.08 3655.41 2887.1 3631.67
2735.04 4185.71 3033.1 3826.94
2887.1 3631.67 3033.1 3826.94
973.619 3542.15 1007.26 3497.15
914.519 3591.55 973.619 3542.15
1007.26 3497.15 1034.11 3371.47
850.08 3371.47 1034.11 3371.47
647.818 3506.73 850.08 3371.47
850.08 3112.64 850.08 3371.47
794.64 3604.91 914.519 3591.55
647.818 3506.73 794.64 3604.91
2655.74 3371.47 2661.12 3370.27
2661.12 3137.35 2661.12 3370.27
2494.8 3371.47 2655.74 3371.47
2494.8 3248.57 2494.8 3371.47
2494.8 3248.57 2661.12 3137.35
850.08 3112.64 1037.79 3363.69
698.295 2808.13 850.08 3112.64
1037.79 3363.69 1084.5 3332.45
1084.5 3332.45 1145.76 3230.04
1145.76 3107.14 1145.76 3230.04
1093.4 2984.58 1145.76 3107.14
783.986 2743.19 1093.4 2984.58
698.295 2808.13 783.986 2743.19
1185.62 2575.5 1275.12 2542.25
1185.62 2575.5 1422.55 2892.37
1275.12 2542.25 1315.23 2530.33
1599.03 2588.93 1643.12 2647.9
1561.09 2550.88 1599.03 2588.93
1450.03 2906.15 1643.12 2647.9
1422.55 2892.37 1450.03 2906.15
1443.35 2101.96 1630.11 2155.49
1315.23 2530.33 1443.35 2101.96
1630.11 2155.49 1678.6 2236.55
1561.09 2550.88 1678.6 2236.55
1315.23 2530.33 1561.09 2550.88
2420.88 2542.25 2510.38 2575.5
2273.45 2892.37 2510.38 2575.5
2317.04 2511.38 2420.88 2542.25
2214.39 2568.59 2317.04 2511.38
2310 2497.27 2317.04 2511.38
2077.98 2678.04 2214.39 2568.59
2077.98 2678.04 2088.24 2695.19
2088.24 2695.19 2245.97 2906.15
2245.97 2906.15 2273.45 2892.37
2170.89 2097.34 2310 2050.83
2310 2050.83 2310 2497.27
2047.12 2262.88 2170.89 2097.34
2047.12 2262.88 2310 2497.27
