1108.04 1050.13 1333.74 1442.55
965.995 873.725 1108.04 1050.13
1108.04 1050.13 2454.3 1050.13
942.991 805.357 2405.39 0
2564.05 0 2572.66 126.69
1343.93 1445.47 2364.47 1369.64
2360.72 1437.38 2364.47 1369.64
2364.47 1369.64 2460.28 1190.23
1333.74 1442.55 1343.93 1445.47
1201.12 1885.98 1333.74 1442.55
1343.93 1445.47 1689.12 1768.64
1075.02 1987.17 1201.12 1885.98
1201.12 1885.98 1443.35 2101.96
2360.72 1437.38 2494.88 1885.98
2219.27 1569.79 2360.72 1437.38
2220.57 2130.56 2494.88 1885.98
2494.88 1885.98 2943.77 2246.2
2236.08 2652.96 2346.28 2570.06
2178.56 2233.58 2346.28 2570.06
2346.28 2570.06 2714.37 2570.05
1533.84 2652.96 1921.92 2652.96
1533.84 2652.96 1533.84 2855.16
1526.08 2644.53 1533.84 2652.96
1921.92 2652.96 2236.08 2652.96
2236.08 2652.96 2236.08 2879.88
1921.92 2290.79 1921.92 2652.96
1921.92 2652.96 1921.92 3410.59
1689.12 1768.64 1921.92 1768.64
1689.12 1768.64 1736.35 1989.72
1921.92 1768.64 2219.27 1569.79
2009.95 1989.72 2219.27 1569.79
1921.92 1768.64 1921.92 1989.72
1736.35 1989.72 1921.92 1989.72
1630.11 2155.49 1736.35 1989.72
2178.56 2233.58 2220.57 2130.56
2009.95 1989.72 2220.57 2130.56
1921.92 2290.79 2178.56 2233.58
1921.92 1989.72 1921.92 2290.79
1678.6 2236.55 1921.92 2290.79
1921.92 1989.72 2009.95 1989.72
1848 4021.48 1848 4716.66
1848 4021.48 2808.96 3593.07
1848 3822.71 1848 4021.48
850.08 3576.59 1848 4021.48
1006.44 3447.54 1848 3822.71
1006.44 3447.54 1073.78 3267.42
849.05 3573.84 1006.44 3447.54
1848 3822.71 2689.56 3447.54
2622.22 3267.42 2689.56 3447.54
2689.56 3447.54 2808.96 3543.35
1848 3545.84 1848 3822.71
1821.41 3517.39 1848 3545.84
1848 3545.84 1867.5 3519.76
996.43 3008.79 1073.78 3267.42
996.43 3008.79 1054.89 3015.3
757.989 2789.55 996.43 3008.79
1073.78 3267.42 1821.41 3517.39
1620.92 3204.56 1821.41 3517.39
2622.22 3267.42 2699.57 3008.79
2641.11 3015.3 2699.57 3008.79
2699.57 3008.79 2772.83 2941.43
1867.5 3519.76 2622.22 3267.42
1867.5 3519.76 1921.92 3410.59
1921.92 3410.59 2120.36 3189.42
1533.84 2855.16 1620.92 3204.56
1054.89 3015.3 1533.84 2855.16
1054.89 3015.3 1620.92 3204.56
2236.08 2879.88 2641.11 3015.3
2120.36 3189.42 2236.08 2879.88
2120.36 3189.42 2641.11 3015.3
757.989 2789.55 867.9 2593.55
28.7825 3162.44 757.989 2789.55
942.991 805.357 965.995 873.725
658.459 1449.56 965.995 873.725
0 1931.67 285.559 1961.04
0 1519.92 568.265 1519.92
285.559 1961.04 568.265 1519.92
285.559 1961.04 421.758 2043.01
568.265 1519.92 658.459 1449.56
658.459 1449.56 753.631 1895.06
900.689 2570.06 1075.02 1987.17
753.631 1895.06 1075.02 1987.17
867.9 2593.55 900.689 2570.06
900.689 2570.06 1303.35 2570.05
435.698 2073.31 867.9 2593.55
421.758 2043.01 753.631 1895.06
421.758 2043.01 435.698 2073.31
28.506 3162.49 435.698 2073.31
2454.3 1050.13 2460.28 1190.23
2454.3 1050.13 2572.66 126.69
2460.28 1190.23 3696 1716.09
2572.66 126.69 3696 1478.84
2943.77 2246.2 3696 2060.87
2714.37 2570.05 2943.77 2246.2
2714.37 2570.05 2772.83 2941.43
2772.83 2941.43 3244.56 3193.8
3088.45 0 3696 947.991
903.735 4270.93 1848 4716.66
1848 4716.66 1871.98 4769.47
431.942 4414.34 903.735 4270.93
850.08 4169.27 903.735 4270.93
0 3740.36 431.942 4414.34
1871.98 4769.47 3034.47 4095.74
849.05 3573.84 850.08 3576.59
850.08 3576.59 850.08 4169.27
28.7825 3162.44 849.05 3573.84
28.506 3162.49 28.7825 3162.44
0 3170.56 28.506 3162.49
0 3506.06 850.08 4169.27
2808.96 3543.35 2808.96 3593.07
2808.96 3543.35 3244.56 3193.8
2808.96 3593.07 3034.47 4095.74
3244.56 3193.8 3696 3234.05
3084.61 4090.15 3696 3408.74
3034.47 4095.74 3084.61 4090.15
1303.35 2570.05 1526.08 2644.53
1303.35 2570.05 1443.35 2101.96
1526.08 2644.53 1678.6 2236.55
1443.35 2101.96 1630.11 2155.49
1630.11 2155.49 1678.6 2236.55
