3088.45 0 3529.68 688.475
1482.93 508.007 1663.09 1050.13
1663.09 1050.13 1999.29 1050.13
1600.3 1239.07 1663.09 1050.13
1016.4 590.107 1482.93 508.007
1482.93 508.007 2263.58 78.0987
904.973 668.542 1016.4 590.107
1999.29 1050.13 2263.58 78.0987
1999.29 1050.13 2036.25 1186.06
2263.58 78.0987 2352.34 0
2657.13 0 2710.07 292.092
860.42 680.955 904.973 668.542
904.973 668.542 1439.05 1382.84
909.885 1473.41 1206.64 1671.86
1206.64 1671.86 1433.99 1443.81
1191.65 1862.29 1206.64 1671.86
1811.04 2447.16 1921.92 2521.3
1811.04 2266.07 1811.04 2447.16
1624.57 2571.86 1811.04 2447.16
1921.92 2521.3 1958.88 2397.73
1958.88 2282.55 1958.88 2397.73
1958.88 2397.73 2214.39 2568.59
1921.92 2521.3 1921.92 2692.95
1921.92 2692.95 2077.98 2678.04
1921.92 2692.95 1921.92 3354.98
1734.82 2675.08 1921.92 2692.95
2032.8 1774.48 2083.47 1842.24
2017.85 1973.88 2083.47 1842.24
2083.47 1842.24 2135.79 1853.9
1714.69 1888.34 1736.35 1989.72
1736.35 1989.72 1802.31 1989.72
1663.2 2103.86 1736.35 1989.72
1811.04 2266.07 1921.92 2266.07
1678.6 2236.55 1811.04 2266.07
1921.92 2266.07 1958.88 2282.55
1958.88 2282.55 2047.12 2262.88
1921.92 2069.71 1921.92 2266.07
1811.04 1602.83 1811.04 1685.74
1811.04 1602.83 1864.3 1602.83
1687.06 1519.93 1811.04 1602.83
1663.2 1830.95 1714.69 1888.34
1663.2 1713.37 1663.2 1830.95
1357.12 1899.18 1663.2 1830.95
1714.69 1888.34 1848 1799.19
1663.2 1713.37 1790.38 1713.37
1566.77 1519.93 1663.2 1713.37
2032.8 1713.37 2032.8 1774.48
1921.92 1848.63 2032.8 1774.48
1905.62 1713.37 2032.8 1713.37
2032.8 1713.37 2066.83 1645.1
1848 1799.19 1921.92 1848.63
1921.92 1848.63 1921.92 1909.73
1848 1790.44 1848 1799.19
1790.38 1713.37 1811.04 1685.74
1811.04 1685.74 1884.96 1685.73
1790.38 1713.37 1848 1790.44
1884.96 1685.73 1905.62 1713.37
1884.96 1630.46 1884.96 1685.73
1848 1790.44 1905.62 1713.37
2017.85 1973.88 2025.74 2000.28
1921.92 1909.73 2017.85 1973.88
1921.92 2069.71 2025.74 2000.28
2025.74 2000.28 2106.72 2054.43
1802.31 1989.72 1921.92 1909.73
1802.31 1989.72 1921.92 2069.71
2066.83 1645.1 2282.75 1464.62
2282.75 1464.62 2366.11 1548.23
2257.86 1393.89 2282.75 1464.62
2023.05 1630.46 2066.83 1645.1
1864.3 1602.83 1866.48 1599.91
1864.3 1602.83 1884.96 1630.46
1866.48 1599.91 1921.92 1562.84
1866.48 1492.29 1866.48 1599.91
1884.96 1630.46 2023.05 1630.46
1921.92 1562.84 2023.05 1630.46
1921.92 1473.75 1921.92 1562.84
1071.84 3607.83 1375.23 3810.71
979.44 3678.37 1375.23 3810.71
1375.23 3810.71 1485.24 3859.75
2320.77 3810.71 2681.06 3569.78
2210.76 3859.75 2320.77 3810.71
2320.77 3810.71 2732.38 3673.08
1127.28 3429.66 1449.15 3644.9
1071.84 3518.74 1449.15 3644.9
1449.15 3644.9 1596.7 3710.68
2246.85 3644.9 2531.76 3454.38
2246.85 3644.9 2633.09 3515.76
2099.3 3710.68 2246.85 3644.9
1681.68 3299.37 1771.29 3439.19
1219.68 3254.75 1771.29 3439.19
1771.29 3439.19 1826.75 3508.73
1275.12 2695.19 1275.12 2941.67
1275.12 2941.67 1386 2904.59
1239.24 2965.66 1275.12 2941.67
2420.88 2806.41 2420.88 2941.67
2365.44 2923.13 2420.88 2941.67
2420.88 2941.67 2447.25 2959.3
1662.18 3279.81 1681.68 3299.37
1681.68 2781.7 1681.68 3299.37
1552.32 3132.87 1662.18 3279.81
1219.68 3131.85 1662.18 3279.81
2156.34 3115.94 2199.12 3015.82
2156.34 3115.94 2301.27 3067.49
2130.58 3150.39 2156.34 3115.94
850.08 3112.64 850.08 3371.47
850.08 3371.47 979.44 3371.47
647.818 3506.73 850.08 3371.47
1065.46 3512.34 1127.28 3429.66
1127.28 3383.83 1127.28 3429.66
1065.46 3512.34 1071.84 3518.74
1071.84 3518.74 1071.84 3607.83
979.44 3493.17 1065.46 3512.34
979.44 3669.62 1071.84 3607.83
979.44 3493.17 979.44 3669.62
977.257 3675.45 979.44 3669.62
979.44 3371.47 979.44 3493.17
715.518 3552 979.44 3493.17
850.08 3112.64 979.44 3285.65
793.206 2998.54 850.08 3112.64
1219.68 3131.85 1219.68 3254.75
1182.72 3267.11 1219.68 3254.75
979.44 3285.65 979.44 3371.47
979.44 3371.47 1108.8 3371.47
979.44 3285.65 1071.84 3254.75
1127.28 3383.83 1182.72 3365.29
1182.72 3267.11 1182.72 3365.29
1182.72 3365.29 1760.93 3558.62
1108.8 3371.47 1127.28 3383.83
1108.8 3267.11 1108.8 3371.47
2494.8 3371.47 2531.76 3371.47
2053.32 3519.08 2494.8 3371.47
2494.8 3260.93 2494.8 3371.47
2531.76 3371.47 2531.76 3454.38
2531.76 3454.38 2587.2 3454.38
2531.76 3371.47 2587.2 3352.93
2587.2 3230.04 2587.2 3352.93
2587.2 3352.93 2735.04 3402.36
2735.04 3402.36 2745.08 3419.15
2735.04 3066.8 2735.04 3402.36
2587.2 3454.38 2633.09 3515.76
2633.09 3515.76 2667.17 3523.35
2587.2 3352.93 2587.2 3454.38
2077.98 2678.04 2214.39 2568.59
2214.39 2568.59 2265.8 2539.94
2077.98 2678.04 2088.24 2695.19
2088.24 2695.19 2199.12 2843.49
2088.24 2695.19 2088.24 3188.14
2365.44 2824.95 2420.88 2806.41
2420.88 2806.41 2668.4 2640.89
2420.88 2517.53 2624.92 2547.85
2375.94 2514.19 2420.88 2517.53
2420.88 2059.59 2420.88 2517.53
2199.12 2843.49 2199.12 3015.82
2199.12 3015.82 2310 2941.67
2199.12 2843.49 2310 2806.41
2310 2536.24 2310 2806.41
2310 2941.67 2365.44 2923.13
2365.44 2824.95 2365.44 2923.13
2310 2806.41 2310 2941.67
2310 2806.41 2365.44 2824.95
1200.27 2570.05 1275.12 2695.19
1275.12 2695.19 1386 2843.49
1200.27 2570.05 1275.12 2542.25
1275.12 2542.25 1315.23 2530.33
1275.12 2059.59 1275.12 2542.25
883.892 2570.05 1200.27 2570.05
1681.68 2781.7 1734.82 2675.08
1624.57 2571.86 1734.82 2675.08
1552.32 2824.95 1681.68 2781.7
1567.51 2533.7 1624.57 2571.86
1386 2843.49 1386 2904.59
1386 2904.59 1496.88 3052.89
1386 2843.49 1496.88 2806.41
1496.88 2545.51 1496.88 2806.41
1533.33 3113.83 1552.32 3132.87
1496.88 3052.89 1533.33 3113.83
1260.53 3022.61 1533.33 3113.83
1552.32 2824.95 1552.32 3132.87
1496.88 2806.41 1496.88 3052.89
1496.88 2806.41 1552.32 2824.95
877.591 2523.71 883.892 2570.05
836.213 2647.99 883.892 2570.05
840.331 1519.92 909.885 1473.41
759.227 868.926 909.885 1473.41
813.12 1565.42 840.331 1519.92
748.27 1630.47 813.12 1565.42
813.12 1565.42 813.12 1741.01
637.39 1519.93 840.331 1519.92
693.17 1741.01 748.27 1630.47
609.84 1630.47 748.27 1630.47
693.17 1741.01 813.12 1741.01
813.12 1741.01 939.113 1909.51
683.76 1750.44 693.17 1741.01
683.76 1750.44 683.76 1786.84
583.466 1683.38 683.76 1750.44
939.113 1909.51 1083.59 1967.48
993.489 2136.19 1083.59 1967.48
1083.59 1967.48 1162.73 1909.27
843.241 1893.48 939.113 1909.51
683.76 1786.84 843.241 1893.48
646.8 1823.91 683.76 1786.84
683.76 1946.81 843.241 1893.48
646.8 1922.09 683.76 1946.81
683.76 1946.81 683.76 2032.63
259.712 2544.05 425.04 2623.02
0 2522.34 259.712 2544.05
259.712 2544.05 410.436 2140.88
425.04 2147.86 425.04 2623.02
425.04 2623.02 702.54 2782.08
0 3074.45 554.4 3000.3
554.4 3000.3 554.4 3475.49
554.4 3000.3 674.629 2871.67
0 3746.77 35.8191 3748.27
35.8191 3748.27 346.347 4163.58
35.8191 3748.27 267.842 3715.02
759.227 868.926 860.42 680.955
498.96 1074.62 759.227 868.926
0 1195.95 498.96 1074.62
498.96 1074.62 498.96 1381.07
0 1519.92 429.745 1519.92
0 1764 406.56 1673.38
0 1981.96 315.009 2045.16
406.56 1673.38 406.56 1953.33
406.56 1673.38 443.52 1648.66
646.8 1823.91 646.8 1922.09
609.84 1934.45 646.8 1922.09
554.4 1823.91 646.8 1823.91
480.48 1873.34 554.4 1823.91
554.4 1689.85 554.4 1823.91
434.789 1934.45 480.48 1873.34
480.48 1673.38 480.48 1873.34
410.436 2140.88 425.04 2147.86
315.009 2045.16 410.436 2140.88
456.51 2159.88 609.84 2057.35
609.84 1934.45 609.84 2057.35
609.84 2057.35 683.76 2032.63
425.04 2147.86 456.51 2159.88
456.51 2159.88 683.76 2342.24
315.009 2045.16 406.56 1953.33
434.789 1934.45 609.84 1934.45
406.56 1953.33 434.789 1934.45
683.76 2342.24 877.591 2523.71
877.591 2523.71 993.489 2136.19
683.76 2032.63 683.76 2342.24
683.76 2032.63 993.489 2136.19
498.96 1381.07 637.39 1519.93
429.745 1519.92 498.96 1381.07
609.84 1575.19 637.39 1519.93
429.745 1519.92 443.52 1575.19
554.4 1689.85 583.466 1683.38
583.466 1683.38 609.84 1630.47
480.48 1673.38 554.4 1689.85
443.52 1575.19 443.52 1648.66
443.52 1648.66 480.48 1673.38
443.52 1575.19 609.84 1575.19
609.84 1575.19 609.84 1630.47
2677.13 820.877 2710.07 292.092
2710.07 292.092 3215.52 900.492
2677.13 820.877 2724.16 930.949
2256.95 1382.84 2677.13 820.877
2845.92 2980.53 2846.27 2980.67
2845.92 2980.53 2845.92 3426.74
2818.78 2966.01 2845.92 2980.53
2724.16 930.949 2793.61 1209.62
2724.16 930.949 3215.52 1259.53
2366.11 1548.23 2512.06 1656.68
2512.06 1656.68 2546.35 1851.54
2512.06 1656.68 2750.61 1497.16
2139.31 1851.54 2366.11 1548.23
2546.35 1851.54 2568.4 1935.11
2568.4 1935.11 2810.6 2113.27
2473.12 1989.72 2568.4 1935.11
2139.31 1851.54 2546.35 1851.54
2135.79 1853.9 2139.31 1851.54
2135.79 1853.9 2203.49 1989.72
2882.88 2098.02 3232.22 1864.41
2882.88 1541.38 2882.88 2098.02
2875.63 2103.95 2882.88 2098.02
3211.69 1644.71 3232.22 1864.41
3232.22 1864.41 3696 2081.51
2846.27 2980.67 3696 2753.38
2846.27 2980.67 3104.64 3257.12
3492.14 2571.03 3696 2625.56
2047.12 2262.88 2081.69 2293.71
2047.12 2262.88 2106.72 2183.16
2750.61 1497.16 2882.88 1541.38
2882.88 1541.38 3012.24 1555.8
2750.61 1497.16 2793.61 1209.62
2793.61 1209.62 3012.24 1307.08
2668.4 2640.89 2710.01 2696.55
2624.92 2547.85 2668.4 2640.89
2710.01 2696.55 3012.24 2561.82
2710.01 2696.55 2780.47 2885.03
2624.92 2547.85 2810.6 2113.27
2810.6 2113.27 2875.63 2103.95
2875.63 2103.95 3012.24 2250.11
3012.24 1307.08 3012.24 1555.8
3012.24 1307.08 3216.29 1261.6
3012.24 1555.8 3211.69 1644.71
3211.69 1644.71 3364.15 1400.02
3218.03 2607.69 3492.14 2571.03
3012.24 2561.82 3218.03 2607.69
2787.74 2895.43 3218.03 2607.69
3012.24 2250.11 3492.14 2571.03
3012.24 2250.11 3012.24 2561.82
3215.52 900.492 3215.52 1259.53
3215.52 900.492 3529.68 1026.54
3215.52 1259.53 3216.29 1261.6
3216.29 1261.6 3364.15 1400.02
3364.15 1400.02 3696 1289.07
3104.64 3257.12 3696 2940.75
3104.64 3257.12 3104.64 3375.28
3529.68 688.475 3529.68 1026.54
3529.68 688.475 3696 762.622
3529.68 1026.54 3696 1204.5
3326.4 3612.56 3696 3217.1
0 3820.34 214.703 4251.07
346.347 4163.58 488.374 4195.24
280.729 4295.22 346.347 4163.58
466.033 4269.94 488.374 4195.24
488.374 4195.24 584.303 4131.09
554.4 3475.49 647.818 3506.73
647.818 3506.73 715.518 3552
267.842 3715.02 554.4 3475.49
715.518 3552 794.64 3675.46
267.842 3715.02 503.668 3899.01
977.257 3675.45 979.44 3678.37
979.44 3678.37 979.44 3835.43
794.64 3675.46 977.257 3675.45
794.64 3675.46 794.64 3711.85
503.668 3899.01 518.458 3896.54
503.668 3899.01 579.399 4101.58
211.378 5006.56 1034.94 5242.59
211.378 5006.56 248.303 4895.45
997.92 4548.64 997.92 5011.54
649.531 4515.36 997.92 4548.64
997.92 4548.64 1015.09 4507.62
997.92 5011.54 1034.94 5242.59
783.872 4916.11 997.92 5011.54
1034.94 5242.59 1090.32 5357.39
214.703 4251.07 280.729 4295.22
0 4394.65 214.703 4251.07
280.729 4295.22 317.675 4418.76
0 4499.53 295.68 4466.57
295.68 4466.57 310.255 4458.45
295.68 4466.57 295.68 4633.24
0 4531.12 179.358 4711.03
495.012 4532.58 649.531 4515.36
466.033 4269.94 649.531 4515.36
310.255 4458.45 495.012 4532.58
438.078 4684.87 495.012 4532.58
317.675 4418.76 466.033 4269.94
310.255 4458.45 317.675 4418.76
179.358 4711.03 295.68 4633.24
295.68 4633.24 360.303 4762.89
179.358 4711.03 248.303 4895.45
248.303 4895.45 357.634 4773.59
438.078 4684.87 783.872 4916.11
360.303 4762.89 438.078 4684.87
357.634 4773.59 783.872 4916.11
357.634 4773.59 360.303 4762.89
518.458 3896.54 730.13 3896.54
518.458 3896.54 794.64 3711.85
730.13 3896.54 794.64 3767.12
730.13 3896.54 792.486 3959.08
979.44 3835.43 1002.29 3896.54
794.64 3711.85 979.44 3835.43
891.405 3896.54 1002.29 3896.54
1002.29 3896.54 1355.39 4132.66
794.64 3767.12 891.405 3896.54
797.332 3959.44 891.405 3896.54
794.64 3711.85 794.64 3767.12
579.399 4101.58 584.303 4131.09
584.303 4131.09 794.64 4271.75
579.399 4101.58 792.486 3959.08
792.486 3959.08 794.64 3960.04
1015.09 4507.62 1264.19 4271.64
797.332 3959.44 1264.19 4271.64
1264.19 4271.64 1342.53 4207.16
794.64 4271.75 1015.09 4507.62
794.64 3960.04 794.64 4271.75
794.64 3960.04 797.332 3959.44
702.54 2782.08 836.213 2647.99
836.213 2647.99 1145.76 2923.99
674.629 2871.67 793.206 2998.54
793.206 2998.54 1071.84 3122.76
674.629 2871.67 702.54 2782.08
1239.24 2965.66 1260.53 3022.61
1210.61 3122.75 1260.53 3022.61
1145.76 2923.99 1239.24 2965.66
1145.76 2923.99 1145.76 3122.75
1145.76 3122.75 1210.61 3122.75
1071.84 3254.75 1108.8 3267.11
1071.84 3122.76 1071.84 3254.75
1108.8 3267.11 1145.76 3254.75
1071.84 3122.76 1145.76 3122.75
1145.76 3122.75 1145.76 3254.75
1210.61 3122.75 1219.68 3131.85
1145.76 3254.75 1182.72 3267.11
3490.06 3998.87 3696 3930.01
3326.4 3634.33 3696 3782.63
3257.25 3791.29 3490.06 3998.87
3475.63 4056.76 3490.06 3998.87
2667.17 3523.35 2745.08 3419.15
2745.08 3419.15 2827.44 3432.92
2667.17 3523.35 2681.06 3569.78
2681.06 3569.78 2715.1 3615.32
3326.4 3612.56 3326.4 3634.33
3269.74 3732.85 3326.4 3634.33
3104.64 3375.28 3326.4 3612.56
3008.46 3426.74 3104.64 3375.28
3252.48 3797.67 3257.25 3791.29
3257.25 3791.29 3269.74 3732.85
3252.48 3797.67 3252.48 4000.56
3108.18 3874.87 3252.48 3797.67
3136.22 3703.09 3269.74 3732.85
2827.44 3432.92 2845.92 3426.74
2845.92 3426.74 3008.46 3426.74
2827.44 3432.92 2827.44 3540.2
2951.36 3579.47 3008.46 3426.74
2673.92 4358.42 2677.34 4379
2673.92 4358.42 2729.74 4350.12
2671.55 4355.11 2673.92 4358.42
2477.16 5271.45 2677.34 4379
2677.34 4379 3059.03 4676.78
1090.32 5357.39 1848 4850.72
1848 4850.72 2477.16 5271.45
1848 4545.18 1848 4850.72
2099.3 3710.68 2210.76 3859.75
1948.92 3571.44 2099.3 3710.68
1596.7 3710.68 1760.93 3558.62
1485.24 3859.75 1596.7 3710.68
1760.93 3558.62 1826.75 3508.73
1826.75 3508.73 1841.21 3507.89
1355.39 4132.66 1485.24 3859.75
1342.53 4207.16 1355.39 4132.66
1342.53 4207.16 1848 4545.18
2210.76 3859.75 2370.61 4195.7
1848 4545.18 2370.61 4195.7
2370.61 4195.7 2598.77 4303.4
2729.74 4350.12 3252.48 4000.56
2729.74 4350.12 3289.44 4303.34
3252.48 4000.56 3337.08 4283.43
3289.44 4303.34 3337.08 4283.43
3337.08 4283.43 3340.05 4283.42
3289.44 4303.34 3289.44 4522.7
3510.21 4364.7 3696 4380.23
3475.63 4056.76 3696 4204.12
3340.05 4283.42 3510.21 4364.7
3431.84 4574.33 3510.21 4364.7
3340.05 4283.42 3475.63 4056.76
3059.03 4676.78 3289.44 4522.7
3289.44 4522.7 3354.06 4652.35
3059.03 4676.78 3287.14 4920.85
3354.06 4652.35 3431.84 4574.33
3287.14 4920.85 3354.06 4652.35
2732.38 3673.08 2735.04 3675.45
2715.1 3615.32 2732.38 3673.08
2735.04 3675.45 2884.83 3675.45
2735.04 3675.45 2735.04 3847.78
2715.1 3615.32 2827.44 3540.2
2827.44 3540.2 2897.33 3633.67
2951.36 3579.47 3136.22 3703.09
2901.36 3703.09 3136.22 3703.09
2897.33 3633.67 2951.36 3579.47
2884.83 3675.45 2901.36 3703.09
2901.36 3703.09 2901.36 3736.56
2884.83 3675.45 2897.33 3633.67
2598.77 4303.4 2735.04 3847.78
2735.04 3847.78 2901.36 3736.56
2598.77 4303.4 2671.55 4355.11
2671.55 4355.11 2901.36 4047.75
2901.36 4047.75 3108.18 3874.87
2901.36 3736.56 3108.18 3874.87
2901.36 3736.56 2901.36 4047.75
2301.27 3067.49 2439.36 2975.14
2301.27 3067.49 2439.36 3067.49
2735.04 3066.8 2818.78 2966.01
2651.37 3122.76 2735.04 3066.8
2787.74 2895.43 2818.78 2966.01
2780.47 2885.03 2787.74 2895.43
2447.25 2959.3 2780.47 2885.03
2439.36 2975.14 2447.25 2959.3
2439.36 2975.14 2439.36 3067.49
2439.36 3067.49 2480.69 3122.76
1921.92 3354.98 2088.24 3188.14
1841.21 3507.89 1921.92 3354.98
2420.88 3150.39 2420.88 3273.29
2053.32 3519.08 2420.88 3273.29
2420.88 3273.29 2457.84 3260.93
2130.58 3150.39 2420.88 3150.39
2420.88 3150.39 2457.84 3138.03
2088.24 3188.14 2130.58 3150.39
1841.21 3507.89 1948.92 3571.44
1948.92 3571.44 2053.32 3519.08
2457.84 3260.93 2494.8 3260.93
2457.84 3138.03 2457.84 3260.93
2494.8 3260.93 2587.2 3230.04
2587.2 3230.04 2651.37 3122.76
2457.84 3138.03 2480.69 3122.76
2480.69 3122.76 2651.37 3122.76
1567.51 2533.7 1678.6 2236.55
1663.2 2210.8 1678.6 2236.55
1315.23 2530.33 1496.88 2545.51
1315.23 2530.33 1410.8 2210.8
1496.88 2545.51 1567.51 2533.7
2310 2536.24 2375.94 2514.19
2310 2293.71 2375.94 2514.19
2265.8 2539.94 2310 2536.24
2081.69 2293.71 2265.8 2539.94
2081.69 2293.71 2310 2293.71
2310 2183.16 2310 2293.71
1866.48 1492.29 1921.92 1473.75
1749.05 1492.29 1866.48 1492.29
1921.92 1473.75 1928.3 1467.35
1433.99 1443.81 1439.05 1382.84
1439.05 1382.84 1600.3 1239.07
1433.99 1443.81 1566.77 1519.93
1600.3 1239.07 1811.04 1274.3
1811.04 1274.3 1811.04 1409.39
1811.04 1274.3 1884.96 1261.94
1687.06 1519.93 1749.05 1492.29
1566.77 1519.93 1687.06 1519.93
1749.05 1492.29 1811.04 1409.39
1811.04 1409.39 1884.96 1409.38
2256.95 1382.84 2257.86 1393.89
2036.25 1186.06 2256.95 1382.84
1928.3 1467.35 2257.86 1393.89
1884.96 1261.94 2036.25 1186.06
1884.96 1261.94 1884.96 1409.38
1884.96 1409.38 1928.3 1467.35
1162.73 1909.27 1191.65 1862.29
1162.73 1909.27 1275.12 2059.59
1191.65 1862.29 1357.12 1899.18
1275.12 2059.59 1410.8 2210.8
1357.12 1899.18 1663.2 2103.86
1410.8 2210.8 1663.2 2210.8
1663.2 2103.86 1663.2 2210.8
2420.88 2059.59 2473.12 1989.72
2310 2183.16 2420.88 2059.59
2203.49 1989.72 2473.12 1989.72
2106.72 2054.43 2106.72 2183.16
2106.72 2054.43 2203.49 1989.72
2106.72 2183.16 2310 2183.16
