49 21
49 17
23 31
77 31
24 60
76 60
35 0
93 15
22 31
22 60
78 31
78 60
50 30
35 41
65 41
35 52
65 52
50 28
34 41
66 41
43 35
57 35
48 44
56 44
48 52
56 52
50 34
54 34
50 38
54 38
48 30
52 30
50 32
49 45
55 45
60 33
28 68
72 68
29 66
71 66
30 65
70 65
31 63
69 63
32 62
68 62
33 60
67 60
34 58
66 58
35 56
65 56
36 54
64 54
43 52
57 52
7 42
11 43
11 74
9 26
9 29
18 26
18 28
18 30
16 32
21 32
17 36
20 36
18 38
12 88
3 86
9 95
84 20
84 50
100 12
75 52
95 85
92 48
92 65
4 77
15 78
6 84
14 85
85 73
97 74
87 82
95 83
18 68
25 68
24 72
75 64
82 65
76 68
24 62
68 60
28 58
39 50
40 42
61 50
60 41