49 21
49 17
23 31
77 31
24 60
76 60
21 31
79 31
22 60
78 60
35 0
93 15
20 0
100 12
40 19
60 19
30 24
70 24
50 30
35 41
65 41
35 52
65 52
50 28
34 41
66 41
34 52
66 52
42 32
58 32
43 35
57 35
48 44
56 44
48 52
56 52
50 44
49 45
55 45
50 34
54 34
50 38
54 38
48 30
52 30
48 32
52 32
50 31
52 36
28 68
72 68
29 66
71 66
30 65
70 65
31 63
69 63
32 62
68 62
33 60
67 60
34 58
66 58
35 56
65 56
36 54
64 54
43 52
57 52
7 42
11 43
11 74
7 76
12 43
9 26
18 26
9 29
18 29
18 30
16 32
21 32
17 36
20 36
18 38
19 34
6 50
8 60
5 15
84 20
84 50
82 22
82 48
60 33
60 34
95 30
95 70
88 40
86 55
4 77
15 78
6 84
14 85
10 77
10 84
18 68
25 68
19 72
24 72
22 70
24 62
29 62
25 65
28 65
28 58
32 58
29 60
31 60
39 50
42 50
40 52
41 52
40 42
85 73
97 74
87 82
95 83
91 73
91 82
75 64
82 65
76 68
81 68
78 64
68 60
72 60
69 62
71 62
61 50
64 50
62 52
63 52
60 41
12 88
3 86
9 95
40 85
60 85
80 88
50 95
50 75